0 0.81875 0.4640625 0.025 0.059375
0 0.91171875 0.97265625 0.0359375 0.028125
0 0.8 0.46328125 0.025 0.059375
0 0.91328125 0.83515625 0.0359375 0.0296875
0 0.928125 0.72109375 0.0171875 0.0625
0 0.4046875 0.58203125 0.0140625 0.0640625
0 0.01015625 0.14453125 0.0203125 0.0609375
0 0.40703125 0.66640625 0.0125 0.059375
0 0.9140625 0.87109375 0.0375 0.028125
0 0.9140625 0.9390625 0.0359375 0.0296875
0 0.40703125 0.74375 0.0140625 0.0640625
0 0.81328125 0.55078125 0.03125 0.025
0 0.8375 0.46171875 0.0203125 0.0515625
0 0.9890625 0.9078125 0.021875 0.0296875
0 0.91640625 0.90625 0.0328125 0.025
0 0.5125 0.63828125 0.0140625 0.0640625
0 0.40546875 0.8328125 0.0140625 0.0609375
0 0.990625 0.87578125 0.01875 0.028125
0 0.02890625 0.084375 0.0171875 0.0671875
0 0.51328125 0.81171875 0.0140625 0.059375
0 0.98984375 0.94140625 0.0203125 0.0265625
0 0.10625 0.853125 0.0140625 0.05
0 0.98984375 0.9734375 0.0203125 0.028125
0 0.98828125 0.1765625 0.021875 0.0328125
0 0.95078125 0.6015625 0.0296875 0.021875
0 0.0859375 0.94140625 0.021875 0.025
0 0.40390625 0.0859375 0.0140625 0.0671875
0 0.090625 0.65 0.03125 0.028125
0 0.07890625 0.73828125 0.015625 0.059375
0 0.09453125 0.90703125 0.0296875 0.028125
0 0.40234375 0.015625 0.015625 0.0296875
0 0.51484375 0.02578125 0.015625 0.0515625
0 0.51328125 0.09375 0.0140625 0.0703125
0 0.43515625 0.19140625 0.015625 0.0625
0 0.5140625 0.5640625 0.0140625 0.0609375
0 0.83984375 0.35 0.0234375 0.0546875
0 0.98828125 0.07734375 0.021875 0.0609375
0 0.96484375 0.734375 0.021875 0.078125
0 0.9453125 0.63828125 0.034375 0.0265625
0 0.9203125 0.634375 0.015625 0.0234375
0 0.9078125 0.725 0.015625 0.053125
0 0.984375 0.81953125 0.0265625 0.0296875
0 0.9890625 0.9953125 0.0171875 0.009375
0 0.384375 0.10078125 0.00625 0.0109375
0 0.38984375 0.1046875 0.003125 0.009375
0 0.3859375 0.1171875 0.0046875 0.0109375
0 0.3890625 0.13984375 0.00625 0.0125
0 0.38515625 0.1390625 0.0046875 0.0125
0 0.3734375 0.1453125 0.00625 0.0140625
0 0.37734375 0.17734375 0.0046875 0.009375
0 0.38125 0.17734375 0.0046875 0.009375
0 0.38515625 0.178125 0.00625 0.0125
0 0.40859375 0.16328125 0.0046875 0.0171875
0 0.40859375 0.278125 0.003125 0.0078125
0 0.39765625 0.42265625 0.0046875 0.0078125
0 0.39453125 0.42421875 0.0046875 0.00625
0 0.39375 0.4296875 0.003125 0.0078125
0 0.38984375 0.428125 0.0046875 0.0078125
0 0.40546875 0.44609375 0.0046875 0.0109375
0 0.4015625 0.43359375 0.0046875 0.009375
0 0.384375 0.44375 0.00625 0.0109375
0 0.38203125 0.44765625 0.00625 0.0109375
0 0.3828125 0.4953125 0.0046875 0.0078125
0 0.38515625 0.634375 0.0046875 0.00625
0 0.38046875 0.79765625 0.00625 0.009375
0 0.3765625 0.75078125 0.0046875 0.009375
0 0.3828125 0.91015625 0.00625 0.009375
0 0.378125 0.959375 0.0046875 0.009375
0 0.3796875 0.96875 0.0046875 0.0078125
0 0.540625 0.91796875 0.003125 0.009375
0 0.52734375 0.79609375 0.0046875 0.009375
0 0.5375 0.79765625 0.0046875 0.0140625
0 0.5328125 0.76640625 0.0046875 0.009375
0 0.53203125 0.42578125 0.0046875 0.0078125
0 0.53828125 0.40234375 0.003125 0.0078125
0 0.534375 0.4015625 0.0015625 0.009375
0 0.53984375 0.4109375 0.003125 0.009375
0 0.54296875 0.39140625 0.0046875 0.00625
0 0.53359375 0.346875 0.0046875 0.0109375
0 0.52734375 0.34609375 0.0046875 0.009375
0 0.5265625 0.1765625 0.0046875 0.0125
0 0.534375 0.1765625 0.003125 0.009375
0 0.53515625 0.11953125 0.0046875 0.0140625
0 0.53125 0.1203125 0.0046875 0.0140625
0 0.53359375 0.10078125 0.0046875 0.0125
0 0.5265625 0.09921875 0.0046875 0.0140625
0 0.10234375 0.05078125 0.028125 0.0234375
0 0.5125 0.7234375 0.0140625 0.0671875
