0 0.30078125 0.15078125 0.0734375 0.125
0 0.85546875 0.28359375 0.0734375 0.11875
0 0.33671875 0.14921875 0.0625 0.1203125
0 0.4796875 0.5796875 0.0671875 0.125
0 0.00546875 0.16328125 0.0109375 0.1375
0 0.00859375 0.3140625 0.0171875 0.128125
0 0.02421875 0.171875 0.0390625 0.1265625
0 0.1390625 0.9703125 0.0296875 0.059375
0 0.39140625 0.9671875 0.0265625 0.0640625
0 0.98828125 0.26953125 0.0234375 0.134375
0 0.5359375 0.9625 0.028125 0.075
0 0.103125 0.16484375 0.0328125 0.13125
0 0.68515625 0.96015625 0.0328125 0.0796875
0 0.95703125 0.271875 0.0359375 0.134375
0 0.0375 0.70703125 0.03125 0.11875
0 0.76484375 0.96171875 0.03125 0.075
0 0.35390625 0.95703125 0.0296875 0.084375
0 0.103125 0.56171875 0.034375 0.128125
0 0.915625 0.96640625 0.034375 0.065625
0 0.28125 0.96171875 0.028125 0.075
0 0.31875 0.14921875 0.0296875 0.1234375
0 0.875 0.2796875 0.03125 0.11875
0 0.421875 0.16484375 0.0296875 0.13125
0 0.353125 0.1484375 0.0296875 0.121875
0 0.915625 0.284375 0.0359375 0.134375
0 0.83671875 0.284375 0.03125 0.1171875
0 0.7234375 0.14765625 0.0296875 0.1234375
0 0.76953125 0.146875 0.0359375 0.1390625
0 0.61015625 0.57109375 0.03125 0.1328125
0 0.53359375 0.58046875 0.028125 0.121875
0 0.3921875 0.56640625 0.028125 0.1203125
0 0.24453125 0.3 0.0296875 0.1234375
0 0.1984375 0.15703125 0.0296875 0.121875
0 0.5046875 0.1625 0.0296875 0.134375
0 0.4640625 0.16171875 0.0296875 0.1296875
0 0.84609375 0.14296875 0.034375 0.1359375
0 0.565625 0.15234375 0.028125 0.125
0 0.9671875 0.11796875 0.034375 0.1359375
0 0.68671875 0.29765625 0.03125 0.134375
0 0.76171875 0.59453125 0.0296875 0.121875
0 0.80703125 0.1390625 0.03125 0.1265625
0 0.953125 0.57734375 0.034375 0.128125
0 0.496875 0.58125 0.028125 0.1203125
0 0.31953125 0.58125 0.03125 0.128125
0 0.065625 0.16484375 0.0359375 0.13125
0 0.65 0.57265625 0.03125 0.128125
0 0.0359375 0.56953125 0.0328125 0.128125
0 0.61015625 0.1546875 0.028125 0.11875
0 0.821875 0.57265625 0.034375 0.1328125
0 0.159375 0.16953125 0.0328125 0.1359375
0 0.4625 0.578125 0.03125 0.1328125
0 0.2359375 0.15390625 0.03125 0.1171875
0 0.2796875 0.153125 0.03125 0.13125
0 0.68671875 0.1546875 0.03125 0.13125
0 0.65 0.15390625 0.03125 0.1296875
0 0.87734375 0.57109375 0.0328125 0.1296875
0 0.90234375 0.12578125 0.034375 0.1375
