0 0.75078125 0.228125 0.078125 0.046875
0 0.959375 0.740625 0.08125 0.065625
0 0.60703125 0.2359375 0.0640625 0.04375
0 0.43984375 0.7328125 0.0609375 0.04375
0 0.4546875 0.63515625 0.0515625 0.0390625
0 0.01015625 0.74453125 0.0203125 0.046875
0 0.1171875 0.74609375 0.0578125 0.0421875
0 0.2109375 0.7453125 0.05625 0.0421875
0 0.01328125 0.28984375 0.0265625 0.0390625
0 0.640625 0.525 0.05625 0.0390625
0 0.915625 0.22265625 0.0828125 0.0515625
0 0.92734375 0.0765625 0.0640625 0.046875
0 0.7671875 0.08671875 0.0515625 0.0390625
0 0.4546875 0.52890625 0.053125 0.0390625
0 0.68984375 0.3 0.065625 0.0421875
0 0.8 0.36796875 0.0515625 0.0375
0 0.5859375 0.7390625 0.0546875 0.0390625
0 0.6984375 0.734375 0.0515625 0.0390625
0 0.259375 0.3015625 0.0515625 0.0390625
0 0.590625 0.5875 0.0421875 0.0328125
0 0.8296875 0.3 0.059375 0.04375
0 0.40234375 0.3078125 0.0546875 0.0421875
0 0.9078125 0.65703125 0.0484375 0.0359375
0 0.34140625 0.22734375 0.0515625 0.0390625
0 0.4734375 0.22421875 0.05 0.0390625
0 0.92109375 0.44453125 0.0546875 0.0390625
0 0.82265625 0.44609375 0.0515625 0.040625
0 0.23046875 0.37109375 0.053125 0.0390625
0 0.26015625 0.525 0.053125 0.0390625
0 0.08359375 0.37734375 0.0546875 0.0390625
0 0.33828125 0.73203125 0.053125 0.0390625
0 0.81640625 0.73203125 0.0484375 0.0390625
0 0.5703125 0.3703125 0.0515625 0.0375
0 0.525 0.44140625 0.053125 0.0390625
0 0.08828125 0.30234375 0.0546875 0.0375
0 0.43046875 0.36875 0.05 0.0359375
0 0.07890625 0.44765625 0.0546875 0.0390625
0 0.54765625 0.3 0.0546875 0.0390625
0 0.15625 0.08046875 0.0390625 0.078125
0 0.34296875 0.446875 0.059375 0.040625
0 0.10625 0.221875 0.053125 0.040625
0 0.67578125 0.42890625 0.0796875 0.0453125
0 0.95234375 0.371875 0.0578125 0.0421875
0 0.8421875 0.0875 0.0546875 0.0390625
0 0.9546875 0.296875 0.0546875 0.0421875
