0 0.040625 0.62578125 0.0125 0.0203125
0 0.59375 0.50546875 0.0234375 0.0203125
0 0.29296875 0.49921875 0.025 0.021875
0 0.609375 0.471875 0.0140625 0.0265625
0 0.86328125 0.396875 0.0125 0.025
0 0.2921875 0.4640625 0.0296875 0.0296875
0 0.2890625 0.428125 0.0265625 0.025
0 0.8671875 0.47578125 0.0171875 0.028125
0 0.00703125 0.4625 0.0125 0.03125
0 0.00859375 0.53046875 0.0171875 0.05
0 0.77734375 0.43515625 0.0171875 0.025
0 0.5875 0.3921875 0.0171875 0.03125
0 0.38359375 0.98671875 0.021875 0.025
0 0.06484375 0.43125 0.0203125 0.0296875
0 0.6984375 0.97421875 0.0171875 0.05
0 0.03671875 0.67421875 0.01875 0.059375
0 0.73984375 0.4359375 0.0375 0.0296875
0 0.98828125 0.65234375 0.0234375 0.0484375
0 0.90625 0.88984375 0.0328125 0.1453125
0 0.59453125 0.4328125 0.03125 0.0296875
0 0.93046875 0.43828125 0.046875 0.0328125
0 0.8765625 0.4390625 0.034375 0.03125
0 0.515625 0.05625 0.015625 0.0546875
0 0.8296875 0.20546875 0.0171875 0.0546875
0 0.01328125 0.59765625 0.0265625 0.0515625
0 0.03828125 0.50546875 0.046875 0.034375
0 0.02109375 0.428125 0.0421875 0.0328125
0 0.98359375 0.43671875 0.0328125 0.034375
0 0.04765625 0.465625 0.0453125 0.034375
0 0.4796875 0.0625 0.0171875 0.071875
0 0.39765625 0.19296875 0.01875 0.059375
0 0.15625 0.14921875 0.0203125 0.059375
0 0.1359375 0.434375 0.021875 0.06875
0 0.77265625 0.39609375 0.028125 0.0296875
0 0.9125 0.4765625 0.0375 0.0296875
0 0.771875 0.47578125 0.028125 0.03125
0 0.0375 0.3859375 0.0375 0.0296875
0 0.5375 0.4484375 0.0203125 0.0796875
0 0.5046875 0.21015625 0.01875 0.071875
0 0.0375 0.584375 0.03125 0.0546875
0 0.24140625 0.315625 0.0203125 0.0609375
0 0.66796875 0.5890625 0.01875 0.0734375
0 0.46640625 0.478125 0.01875 0.0734375
0 0.91640625 0.3984375 0.0375 0.028125
0 0.33828125 0.93359375 0.0234375 0.0859375
0 0.4859375 0.91953125 0.021875 0.09375
0 0.50390625 0.46015625 0.01875 0.071875
0 0.45 0.87578125 0.0234375 0.103125
0 0.2921875 0.403125 0.0171875 0.0140625
