0 0.209375 0.30234375 0.0078125 0.0328125
0 0.26796875 0.403125 0.015625 0.0671875
0 0.09296875 0.98046875 0.0296875 0.0328125
0 0.26796875 0.403125 0.015625 0.0671875
0 0.03515625 0.071875 0.021875 0.021875
0 0.6359375 0.58359375 0.0125 0.05625
0 0.4890625 0.0125 0.0234375 0.025
0 0.98671875 0.6328125 0.0265625 0.028125
0 0.3 0.01640625 0.0125 0.0328125
0 0.58125 0.696875 0.015625 0.0671875
0 0.29609375 0.2671875 0.015625 0.0609375
0 0.18125 0.89296875 0.0203125 0.0375
0 0.35390625 0.084375 0.0140625 0.0625
0 0.66875 0.659375 0.015625 0.0578125
0 0.32109375 0.253125 0.0140625 0.065625
0 0.1609375 0.96875 0.0296875 0.0421875
0 0.45078125 0.5828125 0.0265625 0.0453125
0 0.8234375 0.5515625 0.025 0.021875
0 0.46015625 0.49453125 0.0296875 0.0484375
0 0.66640625 0.28046875 0.015625 0.059375
0 0.715625 0.03359375 0.0234375 0.0546875
0 0.1453125 0.93203125 0.0296875 0.0421875
0 0.61171875 0.31328125 0.0265625 0.059375
