0 0.9125 0.50859375 0.0140625 0.01875
0 0.95078125 0.6953125 0.0109375 0.015625
0 0.840625 0.73671875 0.0125 0.01875
0 0.39609375 0.29296875 0.009375 0.021875
0 0.82265625 0.4109375 0.0140625 0.015625
0 0.68359375 0.48046875 0.0125 0.01875
0 0.0125 0.9296875 0.01875 0.0265625
0 0.80703125 0.471875 0.015625 0.021875
0 0.87421875 0.6140625 0.0171875 0.0203125
0 0.75 0.84375 0.015625 0.021875
0 0.7375 0.93828125 0.0171875 0.0234375
0 0.85703125 0.8109375 0.0140625 0.0203125
0 0.5578125 0.88046875 0.015625 0.021875
0 0.7515625 0.06875 0.0140625 0.025
0 0.38203125 0.14921875 0.015625 0.021875
0 0.915625 0.7125 0.0171875 0.025
0 0.75234375 0.69140625 0.0140625 0.0296875
0 0.925 0.3578125 0.0234375 0.0234375
0 0.88671875 0.5515625 0.0140625 0.040625
