0 0.9921875 0.2203125 0.015625 0.1453125
0 0.8234375 0.38359375 0.0265625 0.0265625
0 0.96484375 0.76953125 0.0703125 0.1765625
0 0.0265625 0.721875 0.053125 0.1453125
0 0.3390625 0.2171875 0.09375 0.1953125
0 0.028125 0.5609375 0.05625 0.040625
0 0.5703125 0.3875 0.1203125 0.0453125
0 0.45546875 0.1984375 0.084375 0.1859375
0 0.5234375 0.2328125 0.0859375 0.18125
0 0.365625 0.1890625 0.0921875 0.1875
0 0.41328125 0.19296875 0.090625 0.190625
0 0.590625 0.70625 0.0703125 0.1171875
0 0.9078125 0.22109375 0.071875 0.1453125
0 0.2484375 0.75625 0.0890625 0.1453125
0 0.56328125 0.228125 0.0828125 0.1828125
0 0.7328125 0.2203125 0.0890625 0.178125
0 0.69296875 0.75546875 0.1046875 0.15625
0 0.8203125 0.76484375 0.1109375 0.1578125
0 0.60625 0.22421875 0.0875 0.1828125
0 0.13828125 0.71640625 0.1109375 0.16875
0 0.08046875 0.7359375 0.109375 0.1640625
0 0.86640625 0.2296875 0.090625 0.1859375
0 0.7734375 0.2125 0.090625 0.1875
0 0.4234375 0.7578125 0.1078125 0.1578125
0 0.209375 0.7421875 0.10625 0.1640625
0 0.625 0.7265625 0.1 0.159375
