0 0.5875 0.61953125 0.009375 0.0203125
0 0.46796875 0.01015625 0.0484375 0.01875
0 0.0953125 0.3 0.028125 0.0453125
0 0.03828125 0.2046875 0.03125 0.0484375
0 0.01953125 0.1765625 0.0328125 0.0484375
0 0.053125 0.23671875 0.0359375 0.0515625
0 0.990625 0.9625 0.01875 0.075
0 0.621875 0.978125 0.05 0.04375
0 0.521875 0.01328125 0.0484375 0.025
0 0.06953125 0.27578125 0.0390625 0.0640625
0 0.56796875 0.97109375 0.0421875 0.05625
0 0.58046875 0.24140625 0.021875 0.0828125
0 0.53515625 0.9515625 0.0515625 0.0953125
0 0.478125 0.50390625 0.0609375 0.05
0 0.49140625 0.07421875 0.05625 0.046875
0 0.434375 0.94375 0.053125 0.090625
0 0.46640625 0.15546875 0.05625 0.0453125
0 0.5 0.934375 0.0546875 0.0984375
