0 0.328125 0.1453125 0.153125 0.184375
0 0.39140625 0.0671875 0.13125 0.13125
0 0.24609375 0.278125 0.0234375 0.0796875
0 0.1234375 0.11953125 0.021875 0.078125
0 0.96796875 0.55859375 0.0609375 0.1640625
0 0.21640625 0.23515625 0.0171875 0.084375
0 0.9578125 0.65703125 0.084375 0.1359375
0 0.7234375 0.6890625 0.021875 0.109375
0 0.43984375 0.0328125 0.109375 0.0625
0 0.096875 0.078125 0.028125 0.084375
0 0.015625 0.109375 0.0203125 0.0625
0 0.80625 0.6234375 0.034375 0.096875
0 0.91015625 0.7140625 0.0171875 0.0859375
0 0.30859375 0.62578125 0.3828125 0.4125
0 0.515625 0.54296875 0.084375 0.13125
0 0.64375 0.6640625 0.0234375 0.109375
0 0.76171875 0.696875 0.021875 0.1125
0 0.81484375 0.7234375 0.0203125 0.078125
0 0.7546875 0.51171875 0.03125 0.1046875
0 0.0140625 0.209375 0.028125 0.05
0 0.009375 0.18046875 0.0109375 0.040625
0 0.0234375 0.1234375 0.0328125 0.059375
0 0.3171875 0.03984375 0.0140625 0.065625
0 0.9671875 0.859375 0.046875 0.1078125
0 0.96484375 0.840625 0.021875 0.1015625
0 0.946875 0.76875 0.028125 0.10625
