0 0.840625 0.77734375 0.04375 0.0328125
0 0.4921875 0.703125 0.01875 0.08125
0 0.41796875 0.46328125 0.01875 0.071875
0 0.525 0.76171875 0.01875 0.0765625
0 0.421875 0.809375 0.0203125 0.0890625
0 0.490625 0.52109375 0.01875 0.084375
0 0.5203125 0.3625 0.01875 0.0828125
0 0.46796875 0.98203125 0.01875 0.0359375
0 0.41953125 0.6421875 0.0203125 0.0828125
0 0.5203125 0.51875 0.025 0.1
0 0.38671875 0.6390625 0.0078125 0.01875
0 0.40625 0.67109375 0.0046875 0.0125
0 0.3953125 0.69609375 0.0078125 0.0109375
0 0.39140625 0.73046875 0.00625 0.015625
0 0.3984375 0.73359375 0.00625 0.0140625
0 0.4046875 0.75859375 0.0078125 0.0140625
0 0.3984375 0.8015625 0.00625 0.0109375
0 0.39296875 0.80234375 0.00625 0.0140625
0 0.3859375 0.8171875 0.0078125 0.015625
0 0.39296875 0.8453125 0.0078125 0.0171875
0 0.38203125 0.93203125 0.00625 0.0171875
0 0.41171875 0.01015625 0.0203125 0.0203125
0 0.99375 0.8609375 0.0125 0.04375
0 0.68671875 0.58125 0.0078125 0.015625
0 0.56015625 0.87421875 0.0046875 0.0140625
