0 0.04921875 0.528125 0.0984375 0.0625
0 0.02421875 0.428125 0.0484375 0.0640625
0 0.20703125 0.30546875 0.0890625 0.09375
0 0.2171875 0.4375 0.0828125 0.075
0 0.3875 0.21171875 0.0796875 0.084375
0 0.4140625 0.28515625 0.0859375 0.0796875
0 0.390625 0.41484375 0.0859375 0.0859375
0 0.33828125 0.59296875 0.0765625 0.0734375
0 0.4921875 0.5421875 0.084375 0.09375
0 0.63515625 0.746875 0.053125 0.1390625
0 0.60859375 0.9296875 0.0359375 0.140625
0 0.70390625 0.5546875 0.0703125 0.140625
0 0.6109375 0.44453125 0.090625 0.1
0 0.60859375 0.2328125 0.09375 0.09375
0 0.55390625 0.17109375 0.0828125 0.0859375
0 0.56875 0.06015625 0.09375 0.096875
0 0.753125 0.13828125 0.0828125 0.090625
0 0.71328125 0.275 0.0875 0.090625
0 0.73828125 0.38125 0.084375 0.09375
0 0.88359375 0.36875 0.0875 0.09375
0 0.91171875 0.23125 0.084375 0.0859375
0 0.93671875 0.10546875 0.084375 0.090625
0 0.4703125 0.05859375 0.034375 0.046875
0 0.48515625 0.13046875 0.040625 0.040625
0 0.3078125 0.184375 0.0390625 0.040625
0 0.53203125 0.65859375 0.01875 0.0609375
0 0.56015625 0.671875 0.01875 0.059375
0 0.053125 0.30078125 0.053125 0.021875
