0 0.3265625 0.246875 0.015625 0.0375
0 0.15546875 0.12734375 0.01875 0.034375
0 0.425 0.040625 0.0125 0.046875
0 0.4421875 0.83046875 0.0171875 0.03125
0 0.615625 0.503125 0.0125 0.0359375
0 0.771875 0.6984375 0.0203125 0.03125
0 0.596875 0.45 0.015625 0.0359375
0 0.4171875 0.9 0.015625 0.034375
0 0.42734375 0.93046875 0.0140625 0.028125
0 0.49453125 0.56484375 0.0109375 0.0328125
0 0.525 0.525 0.015625 0.034375
0 0.65546875 0.6328125 0.009375 0.0265625
0 0.4 0.7484375 0.015625 0.034375
0 0.49765625 0.53359375 0.0125 0.03125
0 0.421875 0.959375 0.0140625 0.0296875
0 0.5359375 0.60234375 0.0125 0.03125
0 0.52890625 0.63984375 0.0140625 0.034375
0 0.31875 0.28125 0.015625 0.040625
0 0.52265625 0.56796875 0.0171875 0.034375
0 0.4 0.88984375 0.015625 0.0296875
0 0.32734375 0.2640625 0.015625 0.0359375
0 0.809375 0.6171875 0.015625 0.0296875
0 0.5265625 0.54140625 0.0078125 0.025
0 0.646875 0.6171875 0.0125 0.034375
0 0.54140625 0.62421875 0.0109375 0.03125
