0 0.975 0.83359375 0.0265625 0.0234375
0 0.9125 0.821875 0.021875 0.0234375
0 0.91640625 0.90625 0.0171875 0.0265625
0 0.0625 0.7484375 0.0609375 0.2046875
0 0.75859375 0.83359375 0.1140625 0.0796875
0 0.5515625 0.846875 0.2453125 0.103125
0 0.83671875 0.32421875 0.0203125 0.01875
0 0.8953125 0.390625 0.025 0.021875
0 0.87421875 0.46015625 0.0234375 0.0203125
0 0.85234375 0.47109375 0.021875 0.0171875
0 0.44921875 0.06953125 0.015625 0.04375
0 0.959375 0.8453125 0.025 0.0234375
0 0.9234375 0.90078125 0.021875 0.0234375
