0 0.91484375 0.41640625 0.0125 0.0203125
0 0.90390625 0.38984375 0.0125 0.0203125
0 0.9125 0.41171875 0.0140625 0.0171875
0 0.91875 0.428125 0.0125 0.01875
0 0.8765625 0.315625 0.0109375 0.015625
0 0.89296875 0.35234375 0.0125 0.0140625
0 0.90078125 0.38046875 0.0109375 0.0171875
0 0.90546875 0.39453125 0.0125 0.0171875
0 0.88203125 0.328125 0.0125 0.015625
0 0.0046875 0.18671875 0.0078125 0.0171875
0 0.9 0.059375 0.0296875 0.0625
0 0.95390625 0.375 0.034375 0.0625
0 0.98515625 0.27421875 0.0296875 0.0671875
0 0.94609375 0.1484375 0.009375 0.025
