0 0.3421875 0.30703125 0.0046875 0.0109375
0 0.2953125 0.40078125 0.0125 0.0109375
0 0.71796875 0.4453125 0.0078125 0.009375
0 0.634375 0.68828125 0.0078125 0.0078125
0 0.36484375 0.8265625 0.00625 0.009375
0 0.32265625 0.653125 0.0140625 0.009375
0 0.515625 0.66171875 0.0078125 0.0109375
0 0.9609375 0.45 0.009375 0.009375
0 0.72265625 0.64296875 0.015625 0.0109375
0 0.81171875 0.6484375 0.0140625 0.009375
0 0.48359375 0.6171875 0.0140625 0.009375
0 0.38046875 0.63359375 0.0140625 0.0109375
0 0.05703125 0.60078125 0.046875 0.0359375
0 0.8296875 0.5921875 0.040625 0.03125
