0 0.540625 0.52265625 0.0234375 0.03125
0 0.50390625 0.4375 0.0359375 0.0265625
0 0.49921875 0.521875 0.034375 0.028125
0 0.98984375 0.409375 0.0203125 0.028125
0 0.48984375 0.4734375 0.03125 0.03125
0 0.503125 0.39921875 0.0359375 0.0296875
0 0.5734375 0.48828125 0.03125 0.0375
0 0.66796875 0.1921875 0.03125 0.0328125
0 0.53046875 0.471875 0.0328125 0.0296875
0 0.60078125 0.459375 0.0234375 0.034375
0 0.696875 0.37734375 0.04375 0.0375
0 0.62890625 0.62421875 0.0203125 0.0359375
0 0.565625 0.44375 0.0390625 0.03125
0 0.54921875 0.40703125 0.0265625 0.034375
0 0.77890625 0.43984375 0.0328125 0.0375
0 0.65546875 0.54140625 0.0203125 0.034375
0 0.61796875 0.57265625 0.0359375 0.0390625
0 0.52890625 0.36328125 0.028125 0.0359375
0 0.7171875 0.4703125 0.025 0.0375
0 0.62109375 0.28359375 0.0203125 0.0375
0 0.6671875 0.40703125 0.0296875 0.034375
0 0.50546875 0.65078125 0.0359375 0.034375
0 0.2296875 0.5421875 0.0515625 0.03125
0 0.61484375 0.41640625 0.0390625 0.0359375
0 0.5015625 0.5796875 0.0296875 0.034375
0 0.91015625 0.41875 0.0390625 0.03125
0 0.86875 0.29765625 0.03125 0.03125
0 0.5921875 0.35859375 0.028125 0.0390625
0 0.5546875 0.565625 0.0296875 0.034375
0 0.6671875 0.4859375 0.0234375 0.03125
0 0.665625 0.75859375 0.0375 0.03125
0 0.765625 0.39140625 0.0265625 0.0359375
0 0.3859375 0.44375 0.0359375 0.03125
0 0.45859375 0.3484375 0.0328125 0.0390625
0 0.8828125 0.46953125 0.0359375 0.0390625
0 0.3359375 0.32578125 0.0328125 0.0359375
0 0.6421875 0.35390625 0.034375 0.03125
0 0.7671875 0.51953125 0.0234375 0.034375
0 0.225 0.46953125 0.0453125 0.0359375
0 0.553125 0.6203125 0.0359375 0.03125
0 0.8 0.33671875 0.04375 0.0328125
