0 0.31171875 0.7125 0.046875 0.034375
0 0.93046875 0.41796875 0.05625 0.0390625
0 0.8515625 0.584375 0.053125 0.0390625
0 0.54609375 0.69453125 0.05 0.0390625
0 0.3828125 0.6375 0.0484375 0.0359375
0 0.884375 0.34375 0.0578125 0.040625
0 0.640625 0.115625 0.0375 0.075
0 0.9375 0.27421875 0.05625 0.0359375
0 0.85859375 0.48359375 0.0546875 0.0375
0 0.0109375 0.6015625 0.0203125 0.0390625
0 0.9390625 0.48203125 0.0546875 0.034375
0 0.85234375 0.27578125 0.0515625 0.0359375
0 0.178125 0.65078125 0.05 0.0359375
0 0.88125 0.65390625 0.0828125 0.0484375
0 0.153125 0.5875 0.171875 0.065625
0 0.7203125 0.846875 0.0109375 0.0140625
0 0.73359375 0.84453125 0.0078125 0.015625
0 0.73671875 0.18984375 0.009375 0.0125
0 0.725 0.1515625 0.009375 0.0125
0 0.76328125 0.2125 0.0109375 0.0109375
0 0.6828125 0.084375 0.0078125 0.0171875
0 0.6859375 0.02734375 0.009375 0.0109375
0 0.67890625 0.0203125 0.0046875 0.0140625
0 0.059375 0.040625 0.009375 0.0140625
0 0.9984375 0.48046875 0.003125 0.0234375
0 0.68671875 0.00546875 0.00625 0.0109375
