0 0.7828125 0.578125 0.0484375 0.2
0 0.471875 0.67890625 0.0484375 0.171875
0 0.19765625 0.90546875 0.05625 0.1875
0 0.84921875 0.5921875 0.0453125 0.1734375
0 0.9125 0.83359375 0.0484375 0.16875
0 0.9796875 0.58125 0.040625 0.190625
0 0.375 0.95078125 0.046875 0.0953125
0 0.91015625 0.571875 0.053125 0.18125
0 0.675 0.3078125 0.0234375 0.0296875
0 0.57578125 0.3453125 0.0171875 0.0296875
0 0.5625 0.29765625 0.0125 0.0234375
0 0.42265625 0.2984375 0.015625 0.028125
0 0.97890625 0.878125 0.0375 0.215625
0 0.75 0.23671875 0.034375 0.028125
0 0.8640625 0.29453125 0.03125 0.0296875
0 0.89140625 0.25546875 0.028125 0.025
0 0.96640625 0.3359375 0.028125 0.0234375
