0 0.17578125 0.671875 0.0265625 0.0625
0 0.39765625 0.225 0.0421875 0.053125
0 0.99140625 0.934375 0.0171875 0.059375
0 0.1671875 0.66015625 0.01875 0.059375
0 0.0140625 0.40859375 0.028125 0.05625
0 0.0078125 0.56875 0.015625 0.046875
0 0.0109375 0.52421875 0.021875 0.0359375
0 0.77109375 0.084375 0.0390625 0.034375
0 0.18359375 0.68125 0.01875 0.059375
0 0.4484375 0.94296875 0.028125 0.034375
0 0.790625 0.73984375 0.01875 0.0484375
0 0.0171875 0.2921875 0.0328125 0.05625
0 0.1453125 0.6171875 0.0171875 0.0640625
0 0.725 0.94296875 0.0203125 0.065625
0 0.43828125 0.05078125 0.0296875 0.0484375
0 0.75703125 0.6140625 0.0234375 0.0546875
0 0.1671875 0.490625 0.0359375 0.0546875
0 0.13125 0.2078125 0.0359375 0.0296875
0 0.2109375 0.63515625 0.0328125 0.0546875
0 0.15234375 0.53671875 0.034375 0.0578125
0 0.45625 0.1375 0.0328125 0.04375
0 0.675 0.903125 0.0390625 0.05
0 0.83359375 0.303125 0.0265625 0.0671875
0 0.665625 0.225 0.0515625 0.065625
0 0.2609375 0.6734375 0.025 0.0609375
