0 0.89765625 0.89296875 0.04375 0.096875
0 0.79765625 0.77578125 0.0375 0.0546875
0 0.9140625 0.21328125 0.0359375 0.04375
0 0.45703125 0.68515625 0.0515625 0.0984375
0 0.17109375 0.11640625 0.0484375 0.05
0 0.790625 0.7359375 0.0453125 0.0640625
0 0.1671875 0.0671875 0.04375 0.040625
0 0.82578125 0.84375 0.0375 0.0625
0 0.821875 0.284375 0.034375 0.0453125
0 0.9 0.35234375 0.034375 0.040625
0 0.7390625 0.06953125 0.03125 0.0421875
0 0.77734375 0.096875 0.0328125 0.040625
0 0.71328125 0.19296875 0.034375 0.04375
0 0.8578125 0.31640625 0.0328125 0.040625
0 0.81328125 0.1296875 0.0328125 0.04375
0 0.871875 0.18046875 0.0328125 0.04375
0 0.78046875 0.25234375 0.03125 0.0390625
0 0.8046875 0.65390625 0.05 0.059375
0 0.4296875 0.79765625 0.046875 0.071875
0 0.678125 0.22421875 0.0046875 0.0140625
0 0.6875 0.2265625 0.0078125 0.0109375
0 0.95078125 0.05 0.040625 0.1
0 0.9765625 0.06171875 0.040625 0.1015625
0 0.47890625 0.5828125 0.0109375 0.009375
0 0.47421875 0.58984375 0.0078125 0.009375
