0 0.290625 0.1765625 0.03125 0.071875
0 0.2078125 0.67578125 0.0703125 0.0703125
0 0.19375 0.41875 0.05625 0.0546875
0 0.22109375 0.80703125 0.0828125 0.0828125
0 0.20234375 0.215625 0.034375 0.078125
0 0.2625 0.18203125 0.03125 0.071875
0 0.23359375 0.20390625 0.03125 0.0640625
0 0.19765625 0.57578125 0.0640625 0.0625
0 0.415625 0.2921875 0.053125 0.05625
0 0.40234375 0.20078125 0.0515625 0.0515625
0 0.221875 0.73828125 0.0734375 0.075
0 0.16796875 0.3828125 0.0578125 0.059375
0 0.4390625 0.47578125 0.0609375 0.059375
0 0.19921875 0.51796875 0.065625 0.065625
0 0.4140625 0.3390625 0.05625 0.0546875
0 0.1640625 0.296875 0.059375 0.0515625
0 0.42421875 0.38046875 0.059375 0.0640625
0 0.434375 0.43046875 0.059375 0.05625
0 0.44375 0.52421875 0.0609375 0.059375
0 0.16484375 0.33984375 0.05625 0.0515625
0 0.18515625 0.4734375 0.05 0.05625
0 0.425 0.80078125 0.009375 0.0328125
0 0.16640625 0.01171875 0.053125 0.0234375
0 0.16796875 0.03671875 0.04375 0.0421875
0 0.1796875 0.06015625 0.053125 0.040625
0 0.17890625 0.09609375 0.053125 0.04375
0 0.41640625 0.8078125 0.009375 0.028125
0 0.3875 0.89375 0.0078125 0.028125
0 0.39375 0.88671875 0.009375 0.028125
