0 0.12109375 0.68515625 0.015625 0.0140625
0 0.5609375 0.88515625 0.0125 0.01875
0 0.1046875 0.690625 0.0140625 0.015625
0 0.06484375 0.696875 0.015625 0.0140625
0 0.13671875 0.69453125 0.0140625 0.015625
0 0.08203125 0.69296875 0.0171875 0.0140625
0 0.04609375 0.7828125 0.015625 0.0203125
0 0.115625 0.86171875 0.0171875 0.0265625
0 0.04296875 0.9125 0.015625 0.025
0 0.965625 0.83203125 0.01875 0.021875
0 0.07734375 0.8484375 0.0171875 0.0203125
0 0.01875 0.6078125 0.0375 0.0671875
0 0.9859375 0.70625 0.028125 0.1140625
0 0.13125 0.61328125 0.1890625 0.0765625
0 0.7796875 0.959375 0.03125 0.08125
0 0.59296875 0.01796875 0.0078125 0.0203125
0 0.90859375 0.69375 0.0390625 0.1265625
0 0.8296875 0.66796875 0.025 0.0328125
