0 0.90859375 0.3484375 0.0125 0.015625
0 0.81171875 0.4625 0.0140625 0.0140625
0 0.31875 0.53125 0.015625 0.021875
0 0.33671875 0.5453125 0.0140625 0.01875
0 0.34140625 0.5796875 0.0109375 0.0140625
0 0.3265625 0.56484375 0.0125 0.0171875
0 0.49453125 0.078125 0.009375 0.0234375
0 0.49375 0.05859375 0.0109375 0.0265625
0 0.48359375 0.034375 0.0078125 0.025
0 0.48984375 0.02421875 0.0109375 0.0234375
0 0.89765625 0.440625 0.015625 0.01875
0 0.9078125 0.44609375 0.0125 0.009375
0 0.91640625 0.4359375 0.0109375 0.015625
0 0.903125 0.3328125 0.009375 0.0078125
0 0.82109375 0.465625 0.0109375 0.0125
0 0.9375 0.96328125 0.0234375 0.0265625
0 0.55390625 0.3703125 0.009375 0.0125
0 0.54453125 0.37265625 0.0078125 0.0234375
0 0.53125 0.36484375 0.009375 0.0140625
0 0.5109375 0.43046875 0.0078125 0.0109375
