0 0.771875 0.36953125 0.03125 0.0546875
0 0.79140625 0.39296875 0.03125 0.0609375
0 0.77578125 0.1640625 0.0265625 0.05
0 0.67265625 0.1203125 0.028125 0.05625
0 0.840625 0.028125 0.0296875 0.05
0 0.7265625 0.025 0.0265625 0.046875
0 0.54375 0.4765625 0.0265625 0.05625
0 0.3046875 0.48359375 0.0328125 0.0546875
0 0.20546875 0.8578125 0.0359375 0.065625
0 0.57890625 0.86796875 0.040625 0.0703125
0 0.64296875 0.87421875 0.034375 0.0546875
0 0.6734375 0.9234375 0.034375 0.0625
0 0.0671875 0.48046875 0.03125 0.0296875
0 0.31640625 0.81796875 0.0125 0.0234375
0 0.6453125 0.23046875 0.0078125 0.0234375
0 0.67265625 0.428125 0.0125 0.015625
0 0.67578125 0.42265625 0.0125 0.0140625
0 0.6984375 0.37578125 0.0109375 0.0171875
0 0.70390625 0.36796875 0.0125 0.0171875
0 0.70703125 0.36328125 0.0109375 0.0171875
0 0.72109375 0.3265625 0.0125 0.015625
0 0.72421875 0.32265625 0.0109375 0.0140625
0 0.75703125 0.24921875 0.0125 0.0171875
0 0.83359375 0.08046875 0.0109375 0.0171875
0 0.84453125 0.0625 0.0109375 0.0125
