0 0.28203125 0.80546875 0.03125 0.0421875
0 0.4703125 0.5796875 0.0421875 0.05
0 0.965625 0.1875 0.04375 0.053125
0 0.8640625 0.37734375 0.015625 0.0203125
0 0.440625 0.71875 0.015625 0.01875
0 0.4140625 0.75234375 0.015625 0.0171875
0 0.20390625 0.59140625 0.0078125 0.0109375
0 0.2609375 0.578125 0.00625 0.009375
0 0.2765625 0.57421875 0.00625 0.0078125
0 0.27421875 0.58515625 0.00625 0.0109375
0 0.2734375 0.5953125 0.00625 0.009375
0 0.5171875 0.44765625 0.0078125 0.0109375
0 0.9609375 0.3765625 0.015625 0.0125
0 0.90078125 0.38984375 0.0125 0.0109375
0 0.9078125 0.41328125 0.0140625 0.0203125
0 0.65234375 0.6203125 0.0078125 0.0125
0 0.56484375 0.66171875 0.009375 0.0078125
0 0.484375 0.7453125 0.0046875 0.009375
0 0.353125 0.95546875 0.0046875 0.0109375
