0 0.996875 0.7921875 0.00625 0.015625
0 0.28203125 0.39765625 0.0265625 0.021875
0 0.6296875 0.42578125 0.025 0.0203125
0 0.12421875 0.17109375 0.0171875 0.0375
0 0.85078125 0.196875 0.0296875 0.0375
0 0.83828125 0.93828125 0.0375 0.0671875
0 0.440625 0.30078125 0.0140625 0.0453125
0 0.13515625 0.746875 0.0171875 0.04375
0 0.09140625 0.4765625 0.0296875 0.021875
0 0.4828125 0.46796875 0.0265625 0.0203125
0 0.753125 0.98203125 0.0234375 0.034375
0 0.775 0.1328125 0.0234375 0.04375
0 0.3296875 0.47109375 0.028125 0.0203125
0 0.29375 0.434375 0.0296875 0.0234375
