0 0.84140625 0.53046875 0.0421875 0.03125
0 0.08984375 0.496875 0.03125 0.034375
0 0.1265625 0.53828125 0.0390625 0.0359375
0 0.13359375 0.5765625 0.046875 0.0265625
0 0.18203125 0.57265625 0.025 0.03125
0 0.1890625 0.61171875 0.0390625 0.028125
0 0.1484375 0.61640625 0.0328125 0.03125
0 0.02265625 0.5953125 0.0390625 0.034375
0 0.5078125 0.62265625 0.0234375 0.03125
0 0.50390625 0.5890625 0.025 0.0296875
0 0.15 0.50390625 0.0203125 0.0390625
0 0.19296875 0.515625 0.009375 0.0265625
0 0.7515625 0.55703125 0.034375 0.034375
0 0.759375 0.5921875 0.040625 0.0328125
0 0.89375 0.58828125 0.0484375 0.025
