0 0.01875 0.915625 0.025 0.03125
0 0.45078125 0.321875 0.08125 0.11875
0 0.5140625 0.196875 0.08125 0.1171875
0 0.11015625 0.928125 0.1125 0.1421875
0 0.29453125 0.6046875 0.0765625 0.13125
0 0.3421875 0.534375 0.0859375 0.134375
0 0.2125 0.784375 0.096875 0.171875
0 0.48359375 0.25859375 0.08125 0.1375
0 0.41484375 0.39140625 0.0859375 0.128125
0 0.25703125 0.68828125 0.078125 0.1328125
0 0.16640625 0.86484375 0.096875 0.1671875
0 0.3828125 0.465625 0.0828125 0.1296875
0 0.040625 0.98828125 0.0359375 0.0234375
