0 0.2890625 0.415625 0.0140625 0.015625
0 0.26484375 0.36953125 0.0125 0.0140625
0 0.50546875 0.45625 0.0140625 0.01875
0 0.56171875 0.67734375 0.0484375 0.0546875
0 0.16484375 0.86484375 0.0296875 0.0640625
0 0.27109375 0.72734375 0.0359375 0.0734375
0 0.13359375 0.94609375 0.0328125 0.0671875
0 0.68984375 0.68125 0.04375 0.053125
0 0.58046875 0.5890625 0.0359375 0.046875
0 0.2234375 0.70859375 0.034375 0.0703125
0 0.63671875 0.63515625 0.046875 0.0578125
0 0.1921875 0.7921875 0.0359375 0.075
0 0.52734375 0.53671875 0.040625 0.0546875
0 0.1921875 0.23828125 0.0375 0.0609375
0 0.2875 0.34375 0.0375 0.059375
0 0.13203125 0.05625 0.0828125 0.109375
