0 0.13046875 0.88046875 0.0984375 0.1265625
0 0.41796875 0.4328125 0.1046875 0.1390625
0 0.690625 0.4484375 0.0890625 0.11875
0 0.3453125 0.3484375 0.03125 0.0421875
0 0.55546875 0.1921875 0.034375 0.0453125
0 0.134375 0.6921875 0.0390625 0.0453125
0 0.6109375 0.28125 0.03125 0.040625
0 0.18125 0.4828125 0.0328125 0.0453125
0 0.86171875 0.17578125 0.03125 0.040625
0 0.746875 0.02578125 0.03125 0.0453125
0 0.3203125 0.4671875 0.0359375 0.046875
0 0.42265625 0.33984375 0.03125 0.0390625
0 0.16875 0.97421875 0.0328125 0.04375
0 0.890625 0.5140625 0.0265625 0.0265625
0 0.9921875 0.14375 0.015625 0.034375
