0 0.90546875 0.96953125 0.0125 0.021875
0 0.6140625 0.5234375 0.01875 0.01875
0 0.20546875 0.96796875 0.00625 0.0234375
0 0.7 0.46796875 0.0125 0.0171875
0 0.72109375 0.446875 0.0140625 0.0140625
0 0.58515625 0.421875 0.0140625 0.015625
0 0.6734375 0.3703125 0.015625 0.0140625
0 0.08984375 0.29296875 0.0078125 0.0265625
0 0.7875 0.43828125 0.0125 0.0140625
0 0.22578125 0.81875 0.0171875 0.0375
0 0.98984375 0.2453125 0.015625 0.015625
0 0.3171875 0.621875 0.0140625 0.0140625
0 0.39140625 0.6328125 0.015625 0.01875
0 0.9453125 0.709375 0.0078125 0.025
0 0.59921875 0.8109375 0.0078125 0.025
0 0.21015625 0.90078125 0.0078125 0.0234375
0 0.38515625 0.071875 0.009375 0.025
0 0.525 0.34453125 0.009375 0.0265625
0 0.6234375 0.9875 0.0078125 0.021875
0 0.4671875 0.028125 0.0078125 0.0265625
0 0.8828125 0.40234375 0.0140625 0.015625
0 0.22265625 0.5625 0.0140625 0.0140625
0 0.2625 0.746875 0.0125 0.0203125
0 0.40859375 0.15234375 0.009375 0.0234375
0 0.33046875 0.66953125 0.0140625 0.0171875
0 0.1125 0.371875 0.0140625 0.0296875
0 0.44296875 0.603125 0.0484375 0.0390625
