0 0.471875 0.0125 0.015625 0.0234375
0 0.44609375 0.04453125 0.0140625 0.046875
0 0.3953125 0.27734375 0.0125 0.053125
0 0.4375 0.721875 0.0140625 0.0515625
0 0.41796875 0.353125 0.0140625 0.053125
0 0.55859375 0.81640625 0.0140625 0.0515625
0 0.39140625 0.77578125 0.0125 0.053125
0 0.45625 0.74609375 0.0140625 0.0609375
0 0.46640625 0.259375 0.0140625 0.0515625
0 0.4140625 0.18515625 0.0140625 0.053125
0 0.4375 0.528125 0.0140625 0.0546875
0 0.44296875 0.2765625 0.0125 0.0515625
0 0.4140625 0.6390625 0.0140625 0.05
0 0.43125 0.90625 0.0140625 0.0578125
0 0.565625 0.32734375 0.0140625 0.05
