0 0.83984375 0.37734375 0.1359375 0.115625
0 0.49921875 0.9109375 0.015625 0.03125
0 0.51484375 0.90625 0.0125 0.0234375
0 0.50703125 0.8359375 0.015625 0.03125
0 0.484375 0.8390625 0.0140625 0.0375
0 0.48515625 0.72578125 0.0125 0.028125
0 0.50078125 0.7140625 0.0109375 0.0359375
0 0.3625 0.24375 0.034375 0.034375
0 0.35859375 0.2734375 0.0296875 0.034375
0 0.3640625 0.2125 0.03125 0.01875
0 0.3640625 0.184375 0.03125 0.021875
0 0.36484375 0.16796875 0.0296875 0.0203125
0 0.36328125 0.140625 0.034375 0.0265625
0 0.36640625 0.13046875 0.0296875 0.0171875
