0 0.82265625 0.27578125 0.0390625 0.0953125
0 0.4828125 0.4890625 0.065625 0.0484375
0 0.7390625 0.32421875 0.0671875 0.046875
0 0.77578125 0.1953125 0.0296875 0.1140625
0 0.27265625 0.14375 0.0265625 0.10625
0 0.45546875 0.63203125 0.05625 0.04375
0 0.96796875 0.6765625 0.0625 0.05
0 0.69140625 0.64921875 0.071875 0.046875
0 0.69140625 0.17890625 0.0265625 0.09375
0 0.2265625 0.94453125 0.0296875 0.1015625
0 0.57421875 0.18515625 0.0328125 0.121875
0 0.1875 0.11484375 0.028125 0.1140625
0 0.73671875 0.0984375 0.0265625 0.1109375
0 0.271875 0.0421875 0.025 0.0828125
0 0.84921875 0.1609375 0.0296875 0.1234375
0 0.396875 0.0671875 0.0515625 0.04375
0 0.1859375 0.6453125 0.0609375 0.040625
0 0.26953125 0.96875 0.0234375 0.059375
0 0.57265625 0.3921875 0.175 0.075
0 0.9921875 0.94921875 0.015625 0.1
0 0.3953125 0.015625 0.0546875 0.0296875
0 0.97421875 0.31796875 0.0515625 0.0390625
0 0.34609375 0.290625 0.0078125 0.0109375
0 0.37734375 0.34296875 0.009375 0.015625
0 0.4765625 0.3390625 0.009375 0.0140625
0 0.465625 0.34453125 0.009375 0.015625
0 0.45234375 0.3390625 0.009375 0.015625
0 0.73984375 0.02109375 0.025 0.040625
