0 0.59765625 0.46171875 0.0125 0.0265625
0 0.05859375 0.0640625 0.0375 0.05625
0 0.0765625 0.09375 0.0453125 0.0609375
0 0.04375 0.03671875 0.0453125 0.0609375
0 0.09375 0.13125 0.0546875 0.075
0 0.11796875 0.15703125 0.040625 0.0546875
0 0.5875 0.09296875 0.0234375 0.08125
0 0.47578125 0.01796875 0.05625 0.034375
0 0.48828125 0.34296875 0.059375 0.05
0 0.54453125 0.77421875 0.05 0.1
0 0.5109375 0.753125 0.053125 0.09375
0 0.4453125 0.7703125 0.0515625 0.0859375
0 0.57109375 0.81328125 0.05 0.103125
0 0.6375 0.82421875 0.065625 0.1046875
