0 0.9109375 0.0953125 0.021875 0.040625
0 0.82265625 0.06015625 0.01875 0.0296875
0 0.78125 0.1453125 0.028125 0.05
0 0.865625 0.19609375 0.01875 0.0390625
0 0.8890625 0.13828125 0.0203125 0.0359375
0 0.84765625 0.23203125 0.0234375 0.0453125
0 0.821875 0.2921875 0.0234375 0.046875
0 0.759375 0.19140625 0.025 0.0453125
0 0.7140625 0.2875 0.0234375 0.046875
0 0.76484375 0.42265625 0.0265625 0.0484375
0 0.66484375 0.38125 0.0265625 0.053125
0 0.76640625 0.6265625 0.0296875 0.05625
0 0.78671875 0.6515625 0.028125 0.0625
0 0.49609375 0.890625 0.021875 0.065625
0 0.296875 0.73984375 0.0328125 0.0578125
0 0.053125 0.73671875 0.03125 0.0296875
0 0.5515625 0.64453125 0.009375 0.0203125
0 0.66875 0.68046875 0.0125 0.0203125
0 0.68984375 0.64140625 0.009375 0.0171875
0 0.7140625 0.58125 0.0125 0.01875
0 0.72109375 0.56796875 0.0125 0.0171875
0 0.74921875 0.5046875 0.0125 0.01875
0 0.73359375 0.29140625 0.009375 0.0171875
0 0.81875 0.34296875 0.0125 0.0171875
0 0.828125 0.32578125 0.0140625 0.0140625
0 0.78359375 0.18359375 0.009375 0.0234375
0 0.2546875 0.20234375 0.0078125 0.0203125
0 0.26640625 0.209375 0.00625 0.021875
0 0.2875 0.22421875 0.00625 0.0203125
0 0.2921875 0.21875 0.00625 0.015625
0 0.29609375 0.21015625 0.00625 0.0171875
0 0.29140625 0.21171875 0.00625 0.0140625
0 0.2859375 0.2078125 0.00625 0.015625
0 0.2796875 0.19140625 0.00625 0.0171875
0 0.2734375 0.1828125 0.00625 0.015625
0 0.26484375 0.1765625 0.00625 0.015625
0 0.23984375 0.16015625 0.00625 0.0171875
0 0.24453125 0.14609375 0.00625 0.0203125
0 0.25625 0.16171875 0.0046875 0.0171875
0 0.26484375 0.1640625 0.00625 0.0125
0 0.26875 0.16953125 0.0046875 0.0140625
0 0.27421875 0.1734375 0.0046875 0.009375
