0 0.04140625 0.26640625 0.0125 0.0109375
0 0.028125 0.28203125 0.0140625 0.0125
0 0.09140625 0.29140625 0.0125 0.0140625
0 0.91484375 0.16171875 0.0125 0.025
0 0.18984375 0.378125 0.0125 0.0203125
0 0.6859375 0.56796875 0.0109375 0.0203125
0 0.6578125 0.72109375 0.0109375 0.0203125
0 0.71953125 0.50625 0.0125 0.021875
0 0.47265625 0.953125 0.0125 0.021875
0 0.2640625 0.44453125 0.028125 0.0484375
0 0.0125 0.68828125 0.0234375 0.046875
0 0.80390625 0.4609375 0.028125 0.05625
0 0.9640625 0.1359375 0.0265625 0.046875
0 0.32578125 0.14453125 0.03125 0.0546875
0 0.92265625 0.76875 0.03125 0.05
0 0.29375 0.8328125 0.03125 0.059375
0 0.80078125 0.3484375 0.0328125 0.0578125
0 0.540625 0.859375 0.0359375 0.0625
0 0.621875 0.6734375 0.0328125 0.0578125
0 0.95546875 0.05078125 0.03125 0.0546875
0 0.8703125 0.28515625 0.0328125 0.0609375
0 0.0921875 0.58125 0.0328125 0.0515625
0 0.57890625 0.14609375 0.034375 0.0609375
0 0.87734375 0.21015625 0.03125 0.05625
0 0.55078125 0.38046875 0.0375 0.0640625
0 0.71640625 0.578125 0.0359375 0.0609375
0 0.75390625 0.3734375 0.0328125 0.059375
0 0.73046875 0.05234375 0.0359375 0.0640625
0 0.63125 0.365625 0.0390625 0.0734375
0 0.30234375 0.89453125 0.03125 0.05625
0 0.63359375 0.125 0.03125 0.05625
0 0.1984375 0.91328125 0.034375 0.0609375
0 0.475 0.584375 0.0359375 0.0671875
0 0.4484375 0.7015625 0.0359375 0.065625
