0 0.95859375 0.24375 0.03125 0.0421875
0 0.91640625 0.203125 0.028125 0.0375
0 0.546875 0.5421875 0.009375 0.0203125
0 0.88515625 0.06328125 0.028125 0.0359375
0 0.5078125 0.54921875 0.009375 0.0203125
0 0.88671875 0.30234375 0.0234375 0.034375
0 0.44375 0.6515625 0.009375 0.0203125
0 0.93515625 0.3546875 0.028125 0.0359375
0 0.9515625 0.06875 0.0296875 0.034375
0 0.85234375 0.22109375 0.021875 0.0359375
0 0.81484375 0.22109375 0.0234375 0.0359375
0 0.77265625 0.23203125 0.0171875 0.028125
0 0.7578125 0.1765625 0.01875 0.040625
0 0.725 0.21953125 0.028125 0.0453125
0 0.71328125 0.3109375 0.015625 0.0515625
0 0.7375 0.278125 0.015625 0.03125
0 0.74296875 0.3109375 0.028125 0.03125
0 0.73828125 0.34921875 0.01875 0.0296875
0 0.7484375 0.3828125 0.0171875 0.0265625
