0 0.340625 0.44296875 0.0140625 0.0640625
0 0.43984375 0.60390625 0.0109375 0.028125
0 0.2515625 0.421875 0.0125 0.0546875
0 0.20703125 0.853125 0.028125 0.0375
0 0.68203125 0.040625 0.0171875 0.0453125
0 0.6015625 0.196875 0.0125 0.053125
0 0.80234375 0.75234375 0.028125 0.05
0 0.2953125 0.91484375 0.0125 0.0484375
0 0.45859375 0.5 0.0234375 0.040625
0 0.64375 0.0359375 0.0125 0.05
0 0.7421875 0.35625 0.0265625 0.021875
0 0.70234375 0.053125 0.0203125 0.0453125
0 0.90703125 0.28671875 0.0328125 0.03125
0 0.2125 0.89921875 0.0296875 0.040625
0 0.159375 0.94921875 0.025 0.0375
0 0.4921875 0.5046875 0.021875 0.040625
0 0.1421875 0.92734375 0.025 0.034375
0 0.6828125 0.59140625 0.028125 0.0515625
