0 0.33046875 0.10546875 0.015625 0.025
0 0.4859375 0.08203125 0.0078125 0.0234375
0 0.596875 0.0921875 0.0078125 0.028125
0 0.7984375 0.103125 0.0140625 0.021875
0 0.7546875 0.30625 0.0171875 0.0171875
0 0.51953125 0.27578125 0.0140625 0.0203125
0 0.6109375 0.5734375 0.015625 0.03125
0 0.40234375 0.465625 0.009375 0.034375
0 0.31328125 0.58515625 0.009375 0.03125
0 0.31484375 0.61171875 0.009375 0.021875
0 0.44765625 0.809375 0.0109375 0.0296875
0 0.50703125 0.76796875 0.0109375 0.021875
0 0.6921875 0.640625 0.00625 0.015625
0 0.66875 0.61953125 0.0078125 0.01875
0 0.5796875 0.89765625 0.0109375 0.0203125
0 0.4859375 0.90625 0.0109375 0.03125
0 0.759375 0.634375 0.0125 0.028125
