0 0.37890625 0.30859375 0.03125 0.0421875
0 0.19375 0.9796875 0.0296875 0.040625
0 0.21796875 0.9296875 0.034375 0.0625
0 0.2671875 0.84453125 0.03125 0.0671875
0 0.35546875 0.62109375 0.0328125 0.0609375
0 0.49453125 0.31484375 0.0265625 0.0578125
0 0.5140625 0.2515625 0.0234375 0.05
0 0.584375 0.23203125 0.0265625 0.0578125
0 0.565625 0.1359375 0.0265625 0.053125
0 0.69140625 0.07109375 0.0234375 0.0484375
0 0.7078125 0.01953125 0.015625 0.0359375
0 0.2421875 0.99140625 0.015625 0.0140625
0 0.38984375 0.8828125 0.0140625 0.01875
0 0.378125 0.90625 0.0140625 0.015625
0 0.39453125 0.871875 0.015625 0.015625
0 0.4046875 0.853125 0.015625 0.01875
0 0.40859375 0.84140625 0.0140625 0.0203125
0 0.41171875 0.83046875 0.0140625 0.0171875
0 0.42109375 0.8109375 0.0125 0.01875
0 0.41171875 0.7796875 0.0140625 0.015625
0 0.41640625 0.7671875 0.015625 0.015625
0 0.425 0.753125 0.0125 0.0125
0 0.428125 0.74140625 0.0140625 0.0140625
0 0.43359375 0.7296875 0.0125 0.015625
0 0.43984375 0.71640625 0.0140625 0.0140625
0 0.39375 0.63046875 0.009375 0.0234375
0 0.37890625 0.56640625 0.0109375 0.0203125
0 0.4734375 0.4078125 0.009375 0.021875
0 0.65625 0.165625 0.0125 0.015625
0 0.64921875 0.18359375 0.0125 0.0171875
