0 0.121875 0.45703125 0.0328125 0.0328125
0 0.1671875 0.48515625 0.0328125 0.0390625
0 0.1328125 0.68515625 0.040625 0.0421875
0 0.05546875 0.621875 0.0390625 0.040625
0 0.34140625 0.47265625 0.0234375 0.0609375
0 0.35859375 0.39921875 0.021875 0.0640625
0 0.41328125 0.4984375 0.021875 0.0625
0 0.40390625 0.09765625 0.021875 0.0578125
0 0.3921875 0.171875 0.021875 0.06875
0 0.3828125 0.24453125 0.025 0.0671875
0 0.4203125 0.01484375 0.01875 0.0265625
0 0.56875 0.70625 0.0328125 0.0375
0 0.61484375 0.728125 0.040625 0.040625
0 0.51796875 0.8796875 0.00625 0.025
0 0.4984375 0.87109375 0.0046875 0.0234375
0 0.4859375 0.8671875 0.00625 0.025
0 0.4796875 0.8671875 0.0078125 0.028125
0 0.5265625 0.6734375 0.00625 0.028125
0 0.51171875 0.66796875 0.00625 0.0265625
0 0.49765625 0.66015625 0.0046875 0.0265625
0 0.4578125 0.84921875 0.00625 0.0265625
0 0.4421875 0.84375 0.00625 0.025
0 0.41328125 0.82578125 0.00625 0.0203125
0 0.490625 0.65703125 0.0046875 0.0265625
0 0.48203125 0.65390625 0.00625 0.0265625
0 0.475 0.65 0.00625 0.025
0 0.46875 0.64609375 0.00625 0.0265625
0 0.4625 0.6453125 0.0046875 0.025
0 0.45703125 0.64375 0.00625 0.025
0 0.4515625 0.63828125 0.00625 0.0265625
0 0.44375 0.63984375 0.0046875 0.0234375
0 0.43125 0.62421875 0.00625 0.0203125
0 0.4265625 0.6203125 0.00625 0.01875
0 0.3796875 0.81875 0.00625 0.021875
0 0.3734375 0.81640625 0.00625 0.0234375
0 0.36796875 0.81171875 0.0046875 0.0234375
0 0.36171875 0.809375 0.0046875 0.021875
0 0.3390625 0.7984375 0.0046875 0.021875
0 0.303125 0.78046875 0.00625 0.0234375
0 0.28671875 0.77265625 0.00625 0.0234375
0 0.27578125 0.76484375 0.00625 0.0234375
0 0.26640625 0.759375 0.00625 0.025
0 0.246875 0.75234375 0.00625 0.0265625
0 0.20390625 0.73125 0.0078125 0.025
0 0.196875 0.7265625 0.0078125 0.021875
0 0.17734375 0.71484375 0.00625 0.0265625
0 0.0046875 0.62890625 0.00625 0.0265625
0 0.42109375 0.45625 0.009375 0.009375
0 0.425 0.43359375 0.009375 0.0078125
0 0.4359375 0.36640625 0.0078125 0.0078125
0 0.484375 0.07734375 0.009375 0.0109375
0 0.48515625 0.059375 0.009375 0.009375
