0 0.91875 0.078125 0.0390625 0.0765625
0 0.6078125 0.45390625 0.15625 0.1390625
0 0.9875 0.0359375 0.025 0.0703125
0 0.840625 0.07578125 0.0578125 0.046875
0 0.7375 0.27890625 0.0578125 0.0515625
0 0.64453125 0.325 0.025 0.090625
0 0.7015625 0.321875 0.0546875 0.0453125
0 0.409375 0.51953125 0.059375 0.0453125
0 0.94609375 0.053125 0.040625 0.0859375
0 0.89140625 0.28203125 0.0515625 0.0609375
0 0.6125 0.31796875 0.0234375 0.090625
0 0.0328125 0.43125 0.05625 0.0625
0 0.675 0.584375 0.05 0.08125
0 0.140625 0.39765625 0.0703125 0.071875
0 0.05625 0.365625 0.05625 0.0609375
0 0.2078125 0.45078125 0.0609375 0.06875
0 0.28125 0.4625 0.0625 0.059375
0 0.9296875 0.2015625 0.0515625 0.059375
0 0.521875 0.8890625 0.0484375 0.1
0 0.490625 0.50234375 0.0578125 0.0578125
0 0.1890625 0.64296875 0.0546875 0.096875
0 0.2296875 0.7390625 0.0515625 0.0984375
0 0.09296875 0.4703125 0.059375 0.0640625
0 0.2734375 0.88046875 0.0421875 0.125
0 0.575 0.7640625 0.0546875 0.109375
0 0.33359375 0.54140625 0.0609375 0.06875
0 0.31953125 0.6640625 0.0484375 0.0953125
0 0.1953125 0.52734375 0.0796875 0.0828125
0 0.7390625 0.37734375 0.075 0.090625
0 0.38359375 0.66796875 0.046875 0.1515625
0 0.815625 0.32734375 0.08125 0.09375
0 0.396875 0.87109375 0.034375 0.134375
0 0.01015625 0.33359375 0.0203125 0.040625
0 0.4828125 0.98046875 0.03125 0.0390625
0 0.29296875 0.984375 0.028125 0.03125
0 0.93984375 0.25234375 0.0484375 0.046875
0 0.990625 0.221875 0.01875 0.04375
0 0.4890625 0.03359375 0.009375 0.028125
0 0.134375 0.21875 0.015625 0.0265625
0 0.184375 0.23828125 0.0140625 0.025
0 0.20703125 0.2484375 0.0140625 0.021875
0 0.22890625 0.2765625 0.0125 0.0234375
0 0.2359375 0.2734375 0.0109375 0.025
0 0.2875 0.24296875 0.009375 0.0234375
0 0.40390625 0.134375 0.0125 0.0296875
0 0.0765625 0.23515625 0.0171875 0.025
0 0.06875 0.01875 0.0171875 0.0359375
0 0.07578125 0.0078125 0.0125 0.015625
0 0.76328125 0.31171875 0.0140625 0.0234375
0 0.76328125 0.3203125 0.009375 0.0140625
0 0.98046875 0.55078125 0.015625 0.01875
0 0.9796875 0.54375 0.0109375 0.0125
0 0.959375 0.540625 0.0125 0.015625
0 0.66015625 0.7796875 0.0140625 0.01875
0 0.92734375 0.96796875 0.034375 0.0640625
