0 0.6515625 0.79375 0.0046875 0.0109375
0 0.95859375 0.25625 0.0078125 0.009375
0 0.196875 0.74140625 0.0671875 0.0703125
0 0.103125 0.47578125 0.0171875 0.046875
0 0.27578125 0.721875 0.059375 0.0640625
0 0.7765625 0.396875 0.078125 0.0921875
0 0.5171875 0.54140625 0.0390625 0.040625
0 0.42421875 0.02578125 0.015625 0.05
0 0.45078125 0.07890625 0.015625 0.05
0 0.91953125 0.05859375 0.075 0.109375
0 0.421875 0.153125 0.015625 0.0484375
0 0.44140625 0.18125 0.015625 0.0515625
0 0.634375 0.54140625 0.0515625 0.0515625
0 0.18515625 0.70546875 0.034375 0.0390625
0 0.95390625 0.07578125 0.0296875 0.04375
0 0.46015625 0.16484375 0.015625 0.053125
0 0.4328125 0.103125 0.0171875 0.05625
0 0.61640625 0.471875 0.028125 0.0328125
0 0.428125 0.2171875 0.0171875 0.0515625
0 0.9734375 0.0921875 0.0265625 0.040625
0 0.428125 0.37734375 0.015625 0.05625
0 0.45703125 0.509375 0.03125 0.0375
0 0.078125 0.83046875 0.0328125 0.0390625
0 0.88125 0.17265625 0.03125 0.046875
0 0.3375 0.59140625 0.03125 0.0390625
0 0.37265625 0.68359375 0.0328125 0.025
0 0.77109375 0.24296875 0.03125 0.04375
0 0.91953125 0.12109375 0.0328125 0.053125
0 0.76875 0.34765625 0.028125 0.0375
0 0.4109375 0.5953125 0.03125 0.034375
0 0.7640625 0.31015625 0.0296875 0.040625
0 0.115625 0.84453125 0.0375 0.0453125
0 0.040625 0.821875 0.034375 0.040625
0 0.4875 0.753125 0.028125 0.046875
0 0.559375 0.4265625 0.034375 0.04375
0 0.803125 0.26796875 0.03125 0.0453125
0 0.69921875 0.31796875 0.0296875 0.0390625
0 0.728125 0.34375 0.03125 0.0390625
0 0.840625 0.21640625 0.0375 0.053125
0 0.875 0.22578125 0.04375 0.0609375
0 0.58828125 0.24375 0.0078125 0.0109375
0 0.56171875 0.27265625 0.003125 0.009375
0 0.56484375 0.29453125 0.0046875 0.0125
0 0.55 0.26796875 0.0046875 0.0140625
0 0.54453125 0.3 0.0046875 0.0125
0 0.55546875 0.3234375 0.0046875 0.0109375
0 0.83125 0.0796875 0.00625 0.0109375
0 0.93984375 0.25546875 0.0078125 0.0109375
0 0.68125 0.91015625 0.00625 0.0125
0 0.63671875 0.87734375 0.00625 0.009375
0 0.4734375 0.83515625 0.0046875 0.0078125
0 0.19453125 0.86640625 0.009375 0.0078125
0 0.14609375 0.87578125 0.0078125 0.0078125
