0 0.2859375 0.08203125 0.025 0.0546875
0 0.27421875 0.1546875 0.021875 0.071875
0 0.26328125 0.22890625 0.0234375 0.0734375
0 0.2390625 0.3828125 0.01875 0.06875
0 0.2234375 0.45625 0.021875 0.0625
0 0.2921875 0.4859375 0.0203125 0.065625
0 0.45078125 0.6875 0.0328125 0.034375
0 0.49609375 0.709375 0.0421875 0.0375
0 0.04921875 0.46875 0.034375 0.0375
0 0.01015625 0.44765625 0.01875 0.0265625
0 0.01796875 0.66796875 0.0328125 0.0453125
0 0.39921875 0.8625 0.00625 0.025
0 0.37890625 0.8546875 0.0078125 0.025
0 0.36640625 0.85078125 0.00625 0.0265625
0 0.3609375 0.85078125 0.0078125 0.0296875
0 0.4078125 0.6578125 0.00625 0.025
0 0.39375 0.6515625 0.0078125 0.025
0 0.37890625 0.646875 0.00625 0.021875
0 0.371875 0.64296875 0.0078125 0.0234375
0 0.3640625 0.6390625 0.0046875 0.025
0 0.35625 0.6359375 0.00625 0.021875
0 0.35 0.63359375 0.00625 0.0234375
0 0.34375 0.63125 0.00625 0.025
0 0.3390625 0.6296875 0.0046875 0.021875
0 0.3328125 0.6234375 0.0078125 0.025
0 0.325 0.62421875 0.00625 0.0234375
0 0.3125 0.60859375 0.00625 0.0234375
0 0.30703125 0.6046875 0.00625 0.021875
0 0.33828125 0.83359375 0.00625 0.0296875
0 0.32265625 0.828125 0.00625 0.021875
0 0.30078125 0.82578125 0.00625 0.0265625
0 0.29453125 0.81171875 0.00625 0.0234375
0 0.26171875 0.80546875 0.00625 0.0234375
0 0.25546875 0.8 0.00625 0.021875
0 0.25 0.7953125 0.0046875 0.021875
0 0.24375 0.79375 0.0046875 0.01875
0 0.2203125 0.78203125 0.0046875 0.0234375
0 0.20390625 0.77734375 0.0046875 0.0234375
0 0.196875 0.7703125 0.00625 0.021875
0 0.184375 0.76484375 0.00625 0.0171875
0 0.16875 0.75703125 0.00625 0.0234375
0 0.1578125 0.74921875 0.009375 0.0234375
0 0.0578125 0.69765625 0.0078125 0.0234375
0 0.078125 0.7109375 0.009375 0.021875
0 0.084375 0.71328125 0.00625 0.0203125
0 0.128125 0.73671875 0.009375 0.0234375
0 0.140625 0.74375 0.00625 0.03125
0 0.146875 0.74609375 0.009375 0.0234375
0 0.3 0.4390625 0.0078125 0.0125
0 0.30234375 0.41875 0.0078125 0.0125
0 0.36171875 0.06015625 0.00625 0.0078125
0 0.36484375 0.04375 0.00625 0.009375
