0 0.884375 0.39921875 0.0390625 0.034375
0 0.29375 0.78046875 0.0359375 0.0359375
0 0.9109375 0.21171875 0.1421875 0.1109375
0 0.34609375 0.98671875 0.04375 0.025
0 0.96796875 0.65390625 0.0640625 0.1359375
0 0.9875 0.42265625 0.025 0.0828125
0 0.5890625 0.9453125 0.115625 0.109375
0 0.0171875 0.71640625 0.034375 0.10625
0 0.6984375 0.4953125 0.0859375 0.0890625
0 0.91328125 0.8609375 0.1390625 0.1515625
0 0.7828125 0.94296875 0.0875 0.103125
0 0.6484375 0.6421875 0.084375 0.0984375
0 0.75625 0.265625 0.0859375 0.08125
0 0.85390625 0.60546875 0.0734375 0.0796875
0 0.20859375 0.8328125 0.08125 0.1
0 0.9109375 0.47578125 0.0859375 0.0890625
0 0.171875 0.5875 0.0859375 0.096875
0 0.73515625 0.71640625 0.125 0.140625
0 0.5890625 0.81015625 0.075 0.09375
0 0.81171875 0.440625 0.0734375 0.08125
0 0.23671875 0.95234375 0.0703125 0.0875
0 0.48125 0.909375 0.08125 0.1015625
0 0.38359375 0.83515625 0.0890625 0.109375
0 0.9484375 0.56640625 0.078125 0.084375
0 0.79609375 0.5453125 0.0703125 0.0765625
0 0.596875 0.3453125 0.0828125 0.078125
0 0.6140625 0.56015625 0.0703125 0.0796875
0 0.5 0.62734375 0.08125 0.090625
0 0.5046875 0.72578125 0.075 0.0875
0 0.3671875 0.46640625 0.0765625 0.0828125
0 0.1203125 0.9 0.078125 0.0984375
0 0.8125 0.79296875 0.175 0.190625
0 0.3984375 0.6828125 0.08125 0.096875
