0 0.290625 0.00546875 0.0203125 0.0109375
0 0.0046875 0.98046875 0.009375 0.034375
0 0.63984375 0.6421875 0.015625 0.034375
0 0.66484375 0.01875 0.015625 0.0375
0 0.29609375 0.86640625 0.046875 0.0546875
0 0.40234375 0.11484375 0.0234375 0.046875
0 0.54140625 0.19609375 0.01875 0.053125
0 0.23203125 0.24453125 0.025 0.0484375
0 0.70234375 0.1921875 0.0234375 0.0453125
0 0.12578125 0.64296875 0.0421875 0.0859375
0 0.203125 0.38203125 0.0296875 0.05625
0 0.28515625 0.375 0.0296875 0.059375
0 0.60546875 0.45234375 0.0296875 0.0640625
0 0.2015625 0.7671875 0.0390625 0.0796875
