0 0.45625 0.47890625 0.0265625 0.034375
0 0.73515625 0.571875 0.01875 0.021875
0 0.72421875 0.48359375 0.03125 0.0265625
0 0.915625 0.509375 0.0421875 0.025
0 0.4421875 0.571875 0.0171875 0.03125
0 0.340625 0.6015625 0.01875 0.0234375
0 0.303125 0.52578125 0.0171875 0.028125
0 0.309375 0.565625 0.0234375 0.0265625
0 0.39609375 0.54453125 0.025 0.03125
0 0.21171875 0.60078125 0.0234375 0.028125
0 0.775 0.54375 0.0359375 0.0296875
0 0.35078125 0.5046875 0.03125 0.028125
0 0.13046875 0.58359375 0.0390625 0.03125
0 0.49609375 0.584375 0.0328125 0.03125
0 0.9109375 0.54921875 0.0453125 0.0265625
0 0.8140625 0.484375 0.034375 0.03125
