0 0.50625 0.14296875 0.0375 0.1046875
0 0.32734375 0.4515625 0.0515625 0.1140625
0 0.54609375 0.15625 0.0359375 0.10625
0 0.9734375 0.24140625 0.046875 0.1140625
0 0.5921875 0.16484375 0.0390625 0.10625
0 0.18828125 0.415625 0.05625 0.125
0 0.396875 0.46875 0.046875 0.1265625
0 0.03203125 0.0515625 0.05625 0.084375
0 0.46796875 0.13671875 0.0359375 0.109375
0 0.76328125 0.56953125 0.04375 0.1453125
0 0.6421875 0.17578125 0.0359375 0.1078125
0 0.646875 0.5515625 0.0453125 0.146875
0 0.73125 0.20546875 0.0359375 0.1109375
0 0.196875 0.0796875 0.0484375 0.084375
0 0.48671875 0.4828125 0.0484375 0.128125
0 0.6890625 0.184375 0.0359375 0.1125
0 0.4328125 0.1296875 0.0390625 0.1
0 0.921875 0.2390625 0.04375 0.1109375
0 0.2328125 0.09140625 0.0453125 0.0984375
0 0.5359375 0.4890625 0.0390625 0.11875
0 0.07734375 0.3890625 0.0734375 0.1171875
0 0.70859375 0.56328125 0.0453125 0.13125
0 0.5953125 0.52578125 0.04375 0.1109375
0 0.090625 0.09453125 0.071875 0.05625
0 0.871875 0.22578125 0.0359375 0.1015625
0 0.43984375 0.48125 0.046875 0.128125
0 0.284375 0.43984375 0.05 0.1265625
0 0.82734375 0.225 0.0390625 0.0953125
0 0.0296875 0.37421875 0.059375 0.11875
0 0.7734375 0.21328125 0.0359375 0.090625
0 0.31875 0.10546875 0.040625 0.09375
0 0.13984375 0.3953125 0.0671875 0.1203125
0 0.27421875 0.096875 0.0359375 0.096875
0 0.3828125 0.1203125 0.0421875 0.096875
0 0.2375 0.42734375 0.0625 0.125
0 0.99140625 0.4265625 0.0171875 0.065625
