0 0.63203125 0.984375 0.0234375 0.0265625
0 0.00859375 0.178125 0.0171875 0.08125
0 0.2078125 0.51796875 0.0375 0.0484375
0 0.97890625 0.5984375 0.0421875 0.04375
0 0.6796875 0.34453125 0.025 0.0828125
0 0.57890625 0.96796875 0.0234375 0.0640625
0 0.5765625 0.5375 0.0515625 0.0421875
0 0.5890625 0.66171875 0.0625 0.046875
0 0.421875 0.565625 0.0578125 0.0421875
0 0.140625 0.625 0.0609375 0.05625
0 0.7734375 0.61953125 0.0640625 0.05
0 0.31953125 0.6734375 0.0671875 0.0515625
0 0.8546875 0.02734375 0.0390625 0.0546875
0 0.81875 0.53203125 0.05625 0.0484375
0 0.70546875 0.52578125 0.0625 0.05
0 0.0875 0.3765625 0.046875 0.0796875
0 0.97109375 0.478125 0.05625 0.046875
0 0.6921875 0.634375 0.05 0.0484375
0 0.021875 0.575 0.04375 0.0578125
0 0.31328125 0.55703125 0.0546875 0.0484375
0 0.53671875 0.22109375 0.0234375 0.0890625
0 0.234375 0.64609375 0.053125 0.0515625
0 0.49375 0.67421875 0.0625 0.0453125
0 0.03671875 0.278125 0.046875 0.090625
0 0.58203125 0.35 0.0234375 0.084375
0 0.5046875 0.559375 0.0671875 0.05
0 0.6375 0.31640625 0.0234375 0.084375
0 0.4140625 0.67421875 0.05 0.0421875
0 0.9 0.61171875 0.0625 0.05
