0 0.234375 0.12421875 0.084375 0.121875
0 0.29921875 0.0453125 0.06875 0.090625
0 0.60625 0.23515625 0.16875 0.178125
0 0.4390625 0.421875 0.0671875 0.209375
0 0.50703125 0.14296875 0.0390625 0.0765625
0 0.5578125 0.10859375 0.071875 0.0703125
0 0.82109375 0.88359375 0.1671875 0.175
0 0.6609375 0.30546875 0.0765625 0.06875
0 0.68828125 0.43125 0.1265625 0.1390625
0 0.5390625 0.0609375 0.0640625 0.0609375
0 0.58125 0.1875 0.1609375 0.1671875
0 0.1859375 0.15078125 0.065625 0.1140625
0 0.53828125 0.03125 0.103125 0.0609375
0 0.9140625 0.31640625 0.15625 0.3171875
0 0.85390625 0.31171875 0.1515625 0.315625
0 0.75703125 0.1125 0.090625 0.2078125
0 0.78515625 0.07890625 0.078125 0.1578125
0 0.92578125 0.071875 0.140625 0.14375
0 0.9140625 0.05234375 0.171875 0.090625
