0 0.4109375 0.7625 0.0125 0.046875
0 0.44453125 0.01796875 0.0140625 0.034375
0 0.4359375 0.5890625 0.0140625 0.0546875
0 0.55390625 0.96875 0.0140625 0.05625
0 0.5609375 0.55 0.015625 0.059375
0 0.4171875 0.375 0.0140625 0.0484375
0 0.52421875 0.11953125 0.0140625 0.05625
0 0.4625 0.3875 0.0140625 0.0609375
0 0.54375 0.33671875 0.0125 0.046875
0 0.4390625 0.4703125 0.0125 0.0515625
0 0.4390625 0.24921875 0.0140625 0.0546875
0 0.49375 0.853125 0.015625 0.0625
0 0.396875 0.21796875 0.0140625 0.0515625
0 0.56171875 0.17265625 0.0125 0.053125
0 0.46484375 0.1984375 0.0140625 0.05625
0 0.41796875 0.04921875 0.015625 0.096875
0 0.45703125 0.865625 0.015625 0.053125
