0 0.071875 0.26875 0.040625 0.028125
0 0.9046875 0.00859375 0.0375 0.0171875
0 0.00546875 0.36328125 0.0109375 0.0390625
0 0.3421875 0.37890625 0.0296875 0.028125
0 0.146875 0.24375 0.0375 0.03125
0 0.61796875 0.97421875 0.0390625 0.0515625
0 0.53515625 0.02109375 0.015625 0.0421875
0 0.8140625 0.053125 0.0328125 0.0359375
0 0.79765625 0.0140625 0.0328125 0.0265625
0 0.040625 0.31875 0.04375 0.0453125
0 0.6484375 0.1359375 0.0375 0.0375
0 0.7703125 0.0734375 0.0359375 0.04375
0 0.184375 0.3671875 0.040625 0.040625
0 0.85390625 0.015625 0.0390625 0.03125
0 0.06796875 0.23359375 0.0359375 0.0296875
0 0.35 0.4375 0.040625 0.05625
0 0.51484375 0.1953125 0.0390625 0.0453125
0 0.5546875 0.20703125 0.0421875 0.0453125
0 0.18515625 0.3234375 0.04375 0.0421875
0 0.71328125 0.96328125 0.05 0.0734375
0 0.46328125 0.24375 0.0421875 0.0421875
0 0.24765625 0.26171875 0.0453125 0.0484375
0 0.11640625 0.31015625 0.0375 0.0390625
0 0.55859375 0.40078125 0.021875 0.0640625
0 0.6390625 0.26640625 0.025 0.08125
0 0.59140625 0.15625 0.0390625 0.0453125
0 0.58515625 0.03984375 0.0265625 0.0484375
0 0.07265625 0.36640625 0.0484375 0.040625
0 0.6734375 0.096875 0.0359375 0.040625
0 0.728125 0.06015625 0.03125 0.04375
0 0.70859375 0.11953125 0.0390625 0.0515625
0 0.41796875 0.44375 0.0390625 0.0578125
0 0.3765625 0.28828125 0.046875 0.046875
0 0.03359375 0.6109375 0.053125 0.040625
0 0.546875 0.753125 0.0375 0.0734375
0 0.62421875 0.79140625 0.04375 0.08125
0 0.2734375 0.3015625 0.0453125 0.046875
