0 0.740625 0.01484375 0.0390625 0.0265625
0 0.2453125 0.02578125 0.0859375 0.046875
0 0.9890625 0.80390625 0.021875 0.071875
0 0.61875 0.97265625 0.04375 0.0515625
0 0.8421875 0.0296875 0.053125 0.0546875
0 0.8046875 0.21171875 0.05625 0.0625
0 0.99453125 0.16953125 0.0109375 0.0640625
0 0.896875 0.9171875 0.08125 0.059375
0 0.96171875 0.5578125 0.0765625 0.0625
0 0.7828125 0.5671875 0.08125 0.0625
0 0.1828125 0.26015625 0.0875 0.0625
0 0.48203125 0.434375 0.0390625 0.1859375
0 0.20546875 0.91171875 0.0828125 0.065625
0 0.225 0.146875 0.0875 0.0625
0 0.884375 0.42421875 0.1171875 0.0734375
0 0.05078125 0.4078125 0.096875 0.0703125
0 0.134375 0.540625 0.0953125 0.065625
0 0.496875 0.88046875 0.040625 0.175
0 0.0796875 0.784375 0.0875 0.0671875
