0 0.25078125 0.13046875 0.0140625 0.03125
0 0.87109375 0.6625 0.0203125 0.01875
0 0.7828125 0.9609375 0.0109375 0.015625
0 0.7234375 0.5953125 0.0078125 0.0140625
0 0.81796875 0.8375 0.0171875 0.0140625
0 0.484375 0.00703125 0.0203125 0.0140625
0 0.27578125 0.634375 0.0203125 0.0265625
0 0.8765625 0.64296875 0.0234375 0.015625
0 0.29296875 0.06328125 0.0171875 0.0296875
0 0.2421875 0.14453125 0.01875 0.034375
0 0.33125 0.11171875 0.015625 0.0328125
0 0.478125 0.0421875 0.0234375 0.0171875
0 0.253125 0.65078125 0.0125 0.0390625
0 0.33828125 0.090625 0.015625 0.0328125
0 0.87734375 0.621875 0.01875 0.01875
0 0.24140625 0.64765625 0.0109375 0.034375
0 0.4796875 0.02265625 0.0234375 0.021875
0 0.78046875 0.984375 0.015625 0.01875
0 0.321875 0.12421875 0.015625 0.0296875
0 0.30078125 0.05 0.0203125 0.034375
0 0.8828125 0.603125 0.01875 0.01875
0 0.3109375 0.0328125 0.0171875 0.03125
0 0.32109375 0.01171875 0.01875 0.0234375
0 0.725 0.6390625 0.01875 0.0203125
0 0.7265625 0.61796875 0.021875 0.0265625
0 0.2875 0.17265625 0.01875 0.0328125
0 0.28203125 0.0796875 0.01875 0.0328125
0 0.18984375 0.6203125 0.0140625 0.03125
0 0.26640625 0.66015625 0.0078125 0.0296875
0 0.2765625 0.665625 0.0125 0.0328125
0 0.8703125 0.68046875 0.0203125 0.015625
0 0.3109375 0.13828125 0.015625 0.0328125
0 0.2328125 0.159375 0.01875 0.0359375
0 0.82265625 0.31953125 0.0171875 0.03125
0 0.27265625 0.09296875 0.01875 0.0359375
0 0.22890625 0.63671875 0.0125 0.0390625
0 0.3 0.159375 0.01875 0.0328125
0 0.3609375 0.0640625 0.01875 0.034375
0 0.35078125 0.08046875 0.0203125 0.0375
0 0.221875 0.225 0.0203125 0.0234375
0 0.2890625 0.571875 0.021875 0.0203125
0 0.259375 0.11484375 0.0171875 0.0328125
0 0.81875 0.81875 0.021875 0.01875
0 0.8859375 0.5828125 0.0203125 0.0203125
0 0.2234375 0.18046875 0.01875 0.0328125
0 0.21484375 0.63046875 0.0125 0.0328125
0 0.31484375 0.9046875 0.0125 0.0375
0 0.2453125 0.2359375 0.0203125 0.025
0 0.278125 0.18671875 0.015625 0.03125
0 0.34296875 0.26875 0.021875 0.025
0 0.86328125 0.55234375 0.0140625 0.0390625
0 0.471875 0.98984375 0.0203125 0.01875
0 0.8140625 0.50859375 0.021875 0.03125
