0 0.3015625 0.98203125 0.1015625 0.034375
0 0.08203125 0.040625 0.025 0.034375
0 0.38125 0.03359375 0.05 0.040625
0 0.34609375 0.178125 0.0421875 0.03125
0 0.30703125 0.87890625 0.078125 0.0546875
0 0.4953125 0.66796875 0.053125 0.0515625
0 0.4859375 0.92890625 0.0578125 0.0453125
0 0.490625 0.85703125 0.0546875 0.0421875
0 0.4390625 0.7609375 0.025 0.0828125
0 0.34765625 0.1265625 0.046875 0.04375
0 0.5125 0.328125 0.034375 0.08125
0 0.49140625 0.7375 0.0515625 0.0390625
0 0.51796875 0.10859375 0.03125 0.071875
0 0.41328125 0.47109375 0.028125 0.1046875
