0 0.10546875 0.615625 0.03125 0.0328125
0 0.15625 0.6171875 0.0296875 0.0328125
0 0.159375 0.64296875 0.0265625 0.028125
0 0.1953125 0.58828125 0.0234375 0.025
0 0.2359375 0.540625 0.03125 0.0265625
0 0.23984375 0.565625 0.0234375 0.025
0 0.25 0.6625 0.0203125 0.040625
0 0.1453125 0.75625 0.025 0.03125
0 0.1953125 0.7625 0.028125 0.028125
0 0.2921875 0.7484375 0.0265625 0.028125
0 0.6125 0.6234375 0.025 0.025
0 0.61953125 0.59296875 0.0171875 0.034375
0 0.728125 0.765625 0.0203125 0.0375
0 0.73828125 0.7515625 0.021875 0.0359375
0 0.7515625 0.74296875 0.0203125 0.040625
0 0.784375 0.7515625 0.01875 0.0328125
0 0.8015625 0.7484375 0.0171875 0.03125
0 0.8171875 0.74765625 0.0140625 0.03125
0 0.86796875 0.78359375 0.025 0.0375
0 0.93671875 0.759375 0.040625 0.040625
0 0.9390625 0.7359375 0.040625 0.0265625
0 0.34140625 0.271875 0.015625 0.0296875
0 0.36015625 0.275 0.01875 0.03125
0 0.44296875 0.26953125 0.015625 0.0375
0 0.60625 0.375 0.015625 0.034375
0 0.4578125 0.50078125 0.021875 0.03125
0 0.45625 0.46953125 0.0171875 0.0296875
0 0.61796875 0.73203125 0.0171875 0.028125
0 0.81640625 0.47890625 0.0234375 0.0359375
0 0.80859375 0.509375 0.03125 0.0296875
0 0.17578125 0.46171875 0.028125 0.021875
0 0.16640625 0.48515625 0.028125 0.0203125
0 0.8859375 0.7953125 0.01875 0.0296875
0 0.18359375 0.74296875 0.025 0.0359375
0 0.2078125 0.73125 0.021875 0.0359375
