0 0.6125 0.2046875 0.01875 0.065625
0 0.57734375 0.57578125 0.025 0.153125
0 0.4828125 0.77578125 0.0140625 0.0671875
0 0.8171875 0.059375 0.0296875 0.0390625
0 0.5015625 0.00703125 0.0140625 0.0140625
0 0.5703125 0.83046875 0.0234375 0.140625
0 0.82421875 0.15078125 0.04375 0.04375
0 0.8265625 0.02109375 0.0484375 0.0390625
0 0.58515625 0.22265625 0.0140625 0.0265625
0 0.56015625 0.3 0.0140625 0.0421875
0 0.45390625 0.3703125 0.015625 0.0625
0 0.821875 0.10703125 0.059375 0.0484375
0 0.5015625 0.9796875 0.0140625 0.0390625
0 0.54140625 0.81328125 0.015625 0.0640625
0 0.459375 0.57421875 0.0140625 0.0609375
0 0.49296875 0.44296875 0.0140625 0.0578125
0 0.55234375 0.46953125 0.0140625 0.0625
0 0.528125 0.0515625 0.0140625 0.065625
0 0.49921875 0.15859375 0.015625 0.0640625
0 0.546875 0.6515625 0.015625 0.065625
0 0.5203125 0.34609375 0.015625 0.065625
0 0.50703125 0.7453125 0.015625 0.065625
0 0.56171875 0.12109375 0.015625 0.0625
0 0.2984375 0.6296875 0.0046875 0.0125
0 0.3421875 0.5875 0.00625 0.009375
0 0.80390625 0.28828125 0.046875 0.0390625
