0 0.5234375 0.48125 0.053125 0.04375
0 0.384375 0.47578125 0.053125 0.0421875
0 0.19609375 0.4875 0.05625 0.04375
0 0.11640625 0.56171875 0.2328125 0.071875
0 0.0703125 0.61796875 0.0515625 0.04375
0 0.16875 0.62265625 0.0546875 0.040625
0 0.27265625 0.62109375 0.0546875 0.0375
0 0.346875 0.66875 0.053125 0.04375
0 0.4546875 0.71953125 0.053125 0.05
0 0.46328125 0.609375 0.053125 0.0421875
0 0.46015625 0.5484375 0.2125 0.078125
0 0.59375 0.603125 0.05625 0.0421875
0 0.7484375 0.53359375 0.2078125 0.071875
0 0.7921875 0.465625 0.0546875 0.0421875
0 0.9015625 0.465625 0.0515625 0.040625
0 0.9796875 0.52734375 0.040625 0.040625
0 0.9828125 0.46328125 0.034375 0.0390625
0 0.83203125 0.18828125 0.05625 0.04375
0 0.75546875 0.19453125 0.059375 0.046875
0 0.66171875 0.19140625 0.05625 0.0390625
0 0.571875 0.18671875 0.059375 0.0421875
0 0.48046875 0.19296875 0.0578125 0.0453125
0 0.3890625 0.2046875 0.0578125 0.040625
0 0.3171875 0.19609375 0.05625 0.0453125
0 0.23203125 0.2046875 0.0546875 0.04375
0 0.1296875 0.21328125 0.0578125 0.040625
0 0.05078125 0.16328125 0.059375 0.0453125
0 0.159375 0.153125 0.0546875 0.0453125
0 0.084375 0.08828125 0.0578125 0.0421875
0 0.16640625 0.08125 0.0640625 0.046875
0 0.290625 0.0796875 0.0546875 0.040625
0 0.26875 0.13828125 0.0640625 0.0515625
0 0.359375 0.13984375 0.059375 0.0484375
0 0.42578125 0.115625 0.065625 0.0671875
0 0.4234375 0.0546875 0.0546875 0.040625
0 0.496875 0.06796875 0.0546875 0.040625
0 0.5390625 0.115625 0.0578125 0.046875
0 0.646875 0.1203125 0.05625 0.0421875
0 0.61953125 0.065625 0.0625 0.046875
0 0.578125 0.0140625 0.053125 0.028125
0 0.7578125 0.12734375 0.0609375 0.0546875
0 0.81875 0.0640625 0.05625 0.0421875
0 0.89609375 0.11796875 0.0828125 0.0578125
0 0.92890625 0.053125 0.0625 0.0546875
0 0.121875 0.75390625 0.0421875 0.075
