0 0.5359375 0.9890625 0.028125 0.01875
0 0.35703125 0.3890625 0.009375 0.0203125
0 0.796875 0.6796875 0.015625 0.0265625
0 0.2125 0.70703125 0.0125 0.021875
0 0.1078125 0.984375 0.0125 0.021875
0 0.99375 0.459375 0.0125 0.053125
0 0.5296875 0.51328125 0.0828125 0.146875
0 0.46640625 0.2953125 0.0328125 0.0546875
0 0.2203125 0.50703125 0.0328125 0.0546875
0 0.50546875 0.62734375 0.0296875 0.0515625
0 0.18359375 0.52578125 0.034375 0.059375
0 0.04375 0.290625 0.03125 0.0515625
0 0.10625 0.33046875 0.0328125 0.0546875
0 0.20703125 0.8421875 0.0296875 0.053125
0 0.8046875 0.2734375 0.0328125 0.05625
0 0.03515625 0.21171875 0.03125 0.053125
0 0.74609375 0.43046875 0.03125 0.05625
0 0.08828125 0.909375 0.0296875 0.0546875
0 0.54453125 0.715625 0.0359375 0.0625
0 0.15546875 0.88359375 0.03125 0.0578125
0 0.34375 0.48203125 0.034375 0.0578125
0 0.66875 0.496875 0.034375 0.0640625
0 0.68125 0.30703125 0.08125 0.1453125
0 0.72265625 0.921875 0.0328125 0.059375
0 0.7484375 0.4859375 0.0328125 0.059375
