0 0.61171875 0.61953125 0.0125 0.0328125
0 0.09375 0.98671875 0.0296875 0.025
0 0.4 0.01328125 0.0203125 0.0265625
0 0.02578125 0.94609375 0.0515625 0.1046875
0 0.6765625 0.0140625 0.015625 0.028125
0 0.54375 0.190625 0.015625 0.0546875
0 0.69765625 0.178125 0.0203125 0.0453125
0 0.4359375 0.07578125 0.0234375 0.04375
0 0.1765625 0.4078125 0.0296875 0.0546875
0 0.2484375 0.09140625 0.0296875 0.05
0 0.32890625 0.30234375 0.028125 0.0546875
0 0.121875 0.61484375 0.0359375 0.06875
0 0.25390625 0.66328125 0.0359375 0.0734375
0 0.59140625 0.44921875 0.028125 0.0640625
0 0.709375 0.03203125 0.00625 0.0203125
0 0.58515625 0.07421875 0.0078125 0.0265625
