0 0.240625 0.31171875 0.0046875 0.0078125
0 0.02421875 0.55546875 0.0078125 0.0078125
0 0.003125 0.53203125 0.00625 0.0046875
0 0.003125 0.50234375 0.00625 0.00625
0 0.0015625 0.4515625 0.003125 0.00625
0 0.08984375 0.3828125 0.0046875 0.0078125
0 0.09375 0.3796875 0.0046875 0.00625
0 0.09921875 0.38046875 0.00625 0.00625
0 0.2296875 0.7671875 0.0078125 0.0078125
0 0.2203125 0.696875 0.00625 0.0078125
0 0.21796875 0.69140625 0.003125 0.00625
0 0.234375 0.66640625 0.00625 0.0078125
0 0.2390625 0.659375 0.003125 0.0046875
0 0.184375 0.7015625 0.00625 0.0078125
0 0.1796875 0.6796875 0.0046875 0.00625
0 0.1921875 0.671875 0.0046875 0.00625
0 0.18515625 0.659375 0.0015625 0.0046875
0 0.18203125 0.6296875 0.0046875 0.0046875
0 0.165625 0.26484375 0.00625 0.0078125
0 0.16953125 0.2578125 0.0078125 0.0078125
0 0.1859375 0.2328125 0.0046875 0.009375
0 0.1890625 0.2296875 0.0046875 0.009375
0 0.1921875 0.22578125 0.003125 0.0078125
0 0.19453125 0.2234375 0.0046875 0.00625
0 0.2078125 0.309375 0.00625 0.00625
0 0.24453125 0.31171875 0.0046875 0.0078125
0 0.24296875 0.3203125 0.0046875 0.00625
0 0.25859375 0.1296875 0.00625 0.00625
0 0.3609375 0.0953125 0.0046875 0.009375
0 0.36875 0.09609375 0.0046875 0.009375
0 0.6578125 0.15859375 0.0046875 0.009375
0 0.403125 0.4125 0.0046875 0.00625
0 0.41328125 0.41953125 0.0046875 0.009375
0 0.509375 0.415625 0.0046875 0.00625
0 0.51171875 0.42265625 0.0046875 0.0046875
0 0.5234375 0.471875 0.003125 0.00625
0 0.52890625 0.453125 0.0046875 0.0078125
0 0.5359375 0.45859375 0.0046875 0.0078125
0 0.54296875 0.4171875 0.003125 0.00625
0 0.5421875 0.409375 0.0046875 0.0046875
0 0.73828125 0.403125 0.00625 0.0078125
0 0.73515625 0.4734375 0.0046875 0.00625
0 0.734375 0.4796875 0.0046875 0.003125
0 0.75703125 0.48203125 0.0046875 0.00625
0 0.75078125 0.4921875 0.0046875 0.0046875
0 0.74296875 0.490625 0.0046875 0.0046875
0 0.73125 0.48984375 0.003125 0.0046875
0 0.73671875 0.5015625 0.0046875 0.00625
0 0.74296875 0.53828125 0.00625 0.00625
0 0.81015625 0.44921875 0.003125 0.0046875
0 0.86484375 0.4734375 0.0046875 0.0046875
0 0.87421875 0.475 0.0078125 0.00625
0 0.86171875 0.49609375 0.00625 0.0046875
0 0.84453125 0.4921875 0.00625 0.0078125
0 0.96796875 0.46875 0.0078125 0.0078125
0 0.96015625 0.4796875 0.0078125 0.00625
0 0.9515625 0.484375 0.0078125 0.00625
0 0.95234375 0.49140625 0.0078125 0.00625
0 0.9890625 0.4859375 0.0078125 0.0046875
0 0.98984375 0.49921875 0.00625 0.00625
0 0.29609375 0.8359375 0.0046875 0.015625
0 0.575 0.83828125 0.0046875 0.0078125
0 0.58046875 0.8390625 0.0046875 0.009375
0 0.5046875 0.546875 0.003125 0.0046875
0 0.46484375 0.590625 0.003125 0.0046875
0 0.52109375 0.646875 0.0046875 0.0078125
0 0.70859375 0.56953125 0.00625 0.009375
0 0.75859375 0.65703125 0.0046875 0.0078125
0 0.75859375 0.66484375 0.0046875 0.00625
0 0.77109375 0.665625 0.0046875 0.00625
0 0.7703125 0.66875 0.0046875 0.0046875
