0 0.9859375 0.4421875 0.0265625 0.0296875
0 0.5109375 0.578125 0.028125 0.0328125
0 0.49921875 0.5265625 0.0234375 0.03125
0 0.4625 0.84609375 0.0328125 0.059375
0 0.47734375 0.659375 0.0234375 0.0359375
0 0.47109375 0.46796875 0.028125 0.0296875
0 0.57265625 0.484375 0.0234375 0.0296875
0 0.8828125 0.3921875 0.0359375 0.0234375
0 0.6703125 0.446875 0.0359375 0.034375
0 0.459375 0.771875 0.028125 0.040625
0 0.53671875 0.50859375 0.0359375 0.034375
0 0.62578125 0.5546875 0.0203125 0.034375
0 0.51015625 0.4828125 0.0421875 0.034375
0 0.57421875 0.53515625 0.03125 0.03125
0 0.859375 0.45859375 0.04375 0.03125
0 0.5765625 0.36640625 0.0203125 0.03125
0 0.534375 0.55 0.0265625 0.0296875
0 0.50625 0.4390625 0.0296875 0.0390625
0 0.46171875 0.50859375 0.0359375 0.034375
0 0.725 0.471875 0.04375 0.0359375
0 0.6828125 0.525 0.0359375 0.034375
0 0.6078125 0.68828125 0.0234375 0.0359375
0 0.4359375 0.4234375 0.0234375 0.0375
0 0.57109375 0.4453125 0.028125 0.03125
0 0.5296875 0.70390625 0.028125 0.03125
0 0.7578125 0.390625 0.0265625 0.0359375
0 0.46484375 0.5578125 0.0328125 0.0390625
0 0.4703125 0.60234375 0.025 0.034375
0 0.5265625 0.634375 0.0375 0.0359375
0 0.61328125 0.4578125 0.0328125 0.034375
0 0.2078125 0.5625 0.0484375 0.03125
0 0.57578125 0.646875 0.0265625 0.0390625
0 0.01640625 0.275 0.0328125 0.0375
0 0.83984375 0.51171875 0.03125 0.0390625
0 0.6421875 0.8140625 0.0359375 0.034375
0 0.64296875 0.4921875 0.0375 0.034375
0 0.37109375 0.5296875 0.0359375 0.03125
0 0.7109375 0.57578125 0.0390625 0.0359375
0 0.76171875 0.5234375 0.0390625 0.0375
0 0.34765625 0.39765625 0.0375 0.0390625
0 0.6234375 0.615625 0.0390625 0.0359375
0 0.21796875 0.640625 0.046875 0.0328125
