0 0.4125 0.284375 0.0171875 0.0609375
0 0.4390625 0.44609375 0.0234375 0.0390625
0 0.534375 0.509375 0.025 0.0390625
0 0.60703125 0.54296875 0.0234375 0.034375
0 0.6609375 0.5140625 0.025 0.0578125
0 0.51953125 0.22890625 0.0234375 0.0578125
0 0.65703125 0.21796875 0.0359375 0.0515625
0 0.70859375 0.1421875 0.0265625 0.05625
0 0.7703125 0.3578125 0.04375 0.0390625
0 0.8046875 0.153125 0.05 0.06875
0 0.8234375 0.48359375 0.0421875 0.071875
0 0.7765625 0.10703125 0.0421875 0.071875
0 0.6375 0.6875 0.0265625 0.0390625
