0 0.9 0.0703125 0.04375 0.0546875
0 0.64140625 0.346875 0.040625 0.0609375
0 0.71328125 0.32109375 0.04375 0.065625
0 0.3890625 0.23203125 0.0375 0.071875
0 0.515625 0.61640625 0.0421875 0.0703125
0 0.625 0.30703125 0.053125 0.084375
0 0.4203125 0.32109375 0.04375 0.0859375
0 0.46015625 0.171875 0.040625 0.084375
0 0.496875 0.26328125 0.04375 0.084375
0 0.3703125 0.7234375 0.0609375 0.0984375
0 0.35546875 0.221875 0.0078125 0.025
0 0.359375 0.21796875 0.009375 0.0234375
0 0.30234375 0.078125 0.0140625 0.0203125
0 0.65625 0.20390625 0.0140625 0.0296875
