0 0.3515625 0.4796875 0.04375 0.065625
0 0.4015625 0.4625 0.034375 0.05625
0 0.36484375 0.515625 0.0390625 0.06875
0 0.86953125 0.63359375 0.046875 0.0671875
0 0.403125 0.58359375 0.0390625 0.0703125
0 0.8453125 0.70703125 0.0484375 0.06875
0 0.378125 0.5578125 0.04375 0.0703125
0 0.41953125 0.49375 0.0375 0.059375
0 0.9078125 0.5328125 0.0421875 0.0546875
0 0.89296875 0.57265625 0.0421875 0.059375
0 0.859375 0.6703125 0.0484375 0.0671875
0 0.5171875 0.5 0.0296875 0.046875
0 0.5375 0.46796875 0.0265625 0.0421875
0 0.5 0.5296875 0.0296875 0.046875
0 0.98984375 0.753125 0.0203125 0.084375
0 0.4796875 0.5609375 0.0296875 0.05
0 0.21640625 0.51171875 0.03125 0.04375
0 0.74296875 0.57578125 0.028125 0.0578125
0 0.9953125 0.47421875 0.009375 0.0609375
0 0.9390625 0.88203125 0.0296875 0.0765625
0 0.96171875 0.990625 0.025 0.01875
