0 0.4890625 0.646875 0.015625 0.059375
0 0.48671875 0.528125 0.015625 0.0578125
0 0.5 0.5921875 0.0171875 0.059375
0 0.6859375 0.978125 0.0203125 0.04375
0 0.28515625 0.15859375 0.0328125 0.0265625
0 0.471875 0.31171875 0.015625 0.053125
0 0.821875 0.02421875 0.0234375 0.0421875
0 0.8046875 0.03359375 0.021875 0.040625
0 0.43046875 0.56875 0.0203125 0.0578125
0 0.21484375 0.17109375 0.0296875 0.028125
0 0.178125 0.17890625 0.025 0.025
0 0.475 0.37265625 0.015625 0.053125
0 0.43671875 0.92109375 0.03125 0.034375
0 0.25 0.1640625 0.0296875 0.0265625
0 0.31875 0.15234375 0.0296875 0.025
0 0.41484375 0.6265625 0.0234375 0.05625
0 0.5859375 0.89921875 0.0796875 0.1515625
0 0.4828125 0.94296875 0.0390625 0.040625
0 0.6421875 0.9046875 0.0359375 0.0453125
0 0.5140625 0.72109375 0.0234375 0.059375
0 0.53984375 0.79375 0.028125 0.059375
0 0.3578125 0.75703125 0.028125 0.05
0 0.14609375 0.19140625 0.025 0.04375
0 0.32109375 0.8140625 0.03125 0.0515625
0 0.28125 0.93125 0.0375 0.0453125
0 0.38828125 0.7 0.03125 0.059375
0 0.3921875 0.9109375 0.0359375 0.0359375
0 0.23984375 0.96640625 0.0359375 0.04375
0 0.634375 0.86640625 0.034375 0.04375
0 0.44375 0.0078125 0.0125 0.0140625
0 0.45703125 0.1234375 0.015625 0.046875
0 0.459375 0.178125 0.015625 0.0515625
0 0.46484375 0.24921875 0.015625 0.0515625
0 0.27265625 0.0421875 0.028125 0.0203125
0 0.28671875 0.10234375 0.00625 0.01875
0 0.35234375 0.3828125 0.00625 0.01875
0 0.5890625 0.2484375 0.0046875 0.0125
0 0.5921875 0.24609375 0.0046875 0.01875
0 0.521875 0.3828125 0.0046875 0.0140625
0 0.53828125 0.39921875 0.0046875 0.0140625
0 0.54140625 0.453125 0.0046875 0.0109375
0 0.53828125 0.446875 0.0046875 0.015625
0 0.5359375 0.45703125 0.0046875 0.015625
0 0.5296875 0.46953125 0.0046875 0.015625
0 0.54140625 0.484375 0.0046875 0.0109375
0 0.54296875 0.49140625 0.0046875 0.0109375
0 0.63515625 0.73828125 0.0046875 0.0109375
0 0.64140625 0.7453125 0.0046875 0.009375
0 0.64609375 0.7484375 0.0046875 0.009375
0 0.71953125 0.67421875 0.0109375 0.0109375
0 0.69609375 0.65625 0.0078125 0.0109375
0 0.72421875 0.665625 0.00625 0.0109375
0 0.6515625 0.7609375 0.0078125 0.0109375
0 0.659375 0.96171875 0.028125 0.0609375
0 0.56328125 0.9890625 0.034375 0.021875
0 0.3390625 0.8984375 0.0609375 0.0765625
0 0.39921875 0.821875 0.0390625 0.05625
0 0.46796875 0.72890625 0.0421875 0.071875
0 0.4859375 0.45703125 0.0203125 0.0640625
0 0.65703125 0.79765625 0.0078125 0.0109375
0 0.95234375 0.9796875 0.0265625 0.040625
0 0.97578125 0.71328125 0.009375 0.0109375
0 0.9640625 0.71640625 0.0109375 0.0109375
0 0.95390625 0.6515625 0.0078125 0.009375
0 0.953125 0.64140625 0.0078125 0.0109375
0 0.9046875 0.753125 0.0734375 0.04375
0 0.88125 0.225 0.021875 0.0546875
0 0.86484375 0.23046875 0.021875 0.0515625
0 0.840625 0.23203125 0.01875 0.059375
0 0.86953125 0.1625 0.0203125 0.0453125
0 0.825 0.18828125 0.0203125 0.0390625
0 0.8203125 0.14921875 0.0203125 0.0328125
0 0.8375 0.01796875 0.0265625 0.034375
0 0.9390625 0.02734375 0.0203125 0.025
0 0.853125 0.009375 0.0234375 0.0171875
