0 0.87734375 0.28125 0.01875 0.046875
0 0.27734375 0.046875 0.028125 0.025
0 0.3265625 0.03515625 0.028125 0.0265625
0 0.8328125 0.0765625 0.0234375 0.04375
0 0.5015625 0.6484375 0.0171875 0.0609375
0 0.40078125 0.87890625 0.040625 0.0578125
0 0.290625 0.2234375 0.03125 0.028125
0 0.47734375 0.43046875 0.015625 0.0515625
0 0.4875 0.58359375 0.015625 0.0578125
0 0.4328125 0.62421875 0.0203125 0.059375
0 0.58671875 0.9390625 0.075 0.1203125
0 0.43828125 0.9796875 0.03125 0.034375
0 0.8609375 0.28984375 0.021875 0.0546875
0 0.8375 0.290625 0.0171875 0.0546875
0 0.8015625 0.0984375 0.021875 0.040625
0 0.18515625 0.24296875 0.025 0.025
0 0.22109375 0.234375 0.028125 0.025
0 0.25546875 0.22890625 0.028125 0.0265625
0 0.81640625 0.08828125 0.0234375 0.040625
0 0.490625 0.70234375 0.0140625 0.059375
0 0.46640625 0.3109375 0.0140625 0.0484375
0 0.4734375 0.37109375 0.0140625 0.0515625
0 0.32421875 0.21640625 0.0296875 0.025
0 0.515625 0.77890625 0.0234375 0.0609375
0 0.54140625 0.85078125 0.028125 0.0609375
0 0.359375 0.81640625 0.0265625 0.0515625
0 0.64296875 0.9625 0.034375 0.04375
0 0.38984375 0.75703125 0.0328125 0.0609375
0 0.15390625 0.25546875 0.025 0.040625
0 0.4171875 0.68203125 0.0234375 0.05625
0 0.6359375 0.925 0.034375 0.0453125
0 0.39453125 0.96875 0.0359375 0.0359375
0 0.3234375 0.871875 0.03125 0.0515625
0 0.86484375 0.2234375 0.021875 0.0453125
0 0.8203125 0.2484375 0.0203125 0.0390625
0 0.815625 0.2109375 0.0234375 0.0359375
0 0.84453125 0.0640625 0.028125 0.0390625
0 0.8546875 0.04609375 0.03125 0.0359375
0 0.86875 0.03203125 0.025 0.0390625
0 0.9140625 0.03828125 0.028125 0.0234375
0 0.93359375 0.0875 0.0234375 0.0203125
0 0.94921875 0.03359375 0.028125 0.025
0 0.27421875 0.0234375 0.03125 0.01875
0 0.27265625 0.009375 0.03125 0.0171875
0 0.4453125 0.05234375 0.0140625 0.040625
0 0.459375 0.18828125 0.0125 0.0453125
0 0.4609375 0.240625 0.015625 0.05
0 0.48828125 0.515625 0.0203125 0.0625
0 0.484375 0.9890625 0.0390625 0.021875
0 0.2828125 0.98125 0.0421875 0.034375
0 0.46953125 0.7890625 0.04375 0.071875
0 0.96484375 0.77109375 0.0140625 0.009375
0 0.975 0.771875 0.0109375 0.0125
0 0.9484375 0.70546875 0.009375 0.009375
0 0.65859375 0.8484375 0.0046875 0.0109375
0 0.65390625 0.80625 0.0046875 0.015625
0 0.64140625 0.79140625 0.00625 0.0078125
0 0.6359375 0.78515625 0.0046875 0.0109375
0 0.72578125 0.7328125 0.0078125 0.0140625
0 0.69765625 0.71328125 0.009375 0.0109375
0 0.5625 0.5828125 0.00625 0.0140625
0 0.5609375 0.56640625 0.0046875 0.00625
0 0.54375 0.546875 0.0046875 0.0109375
0 0.53046875 0.52578125 0.0046875 0.0109375
0 0.5390625 0.5140625 0.00625 0.009375
0 0.5390625 0.503125 0.0046875 0.0046875
0 0.59140625 0.29609375 0.003125 0.0109375
0 0.58984375 0.3015625 0.00625 0.0109375
0 0.5234375 0.44140625 0.0046875 0.0125
0 0.5390625 0.45546875 0.00625 0.0125
0 0.51640625 0.27421875 0.0046875 0.0140625
0 0.35546875 0.44140625 0.00625 0.01875
0 0.27734375 0.10859375 0.0296875 0.025
0 0.90625 0.80625 0.071875 0.05
0 0.34140625 0.95390625 0.059375 0.0734375
