0 0.9140625 0.8765625 0.0203125 0.021875
0 0.9125 0.790625 0.021875 0.028125
0 0.0578125 0.721875 0.0546875 0.20625
0 0.55078125 0.80703125 0.2453125 0.10625
0 0.7578125 0.78984375 0.1140625 0.078125
0 0.83125 0.28046875 0.0234375 0.0296875
0 0.9578125 0.815625 0.0234375 0.0375
0 0.97578125 0.80390625 0.0234375 0.0265625
0 0.85234375 0.43046875 0.0203125 0.028125
0 0.87734375 0.4171875 0.021875 0.021875
0 0.89453125 0.3484375 0.0234375 0.0234375
0 0.5140625 0.98046875 0.259375 0.0390625
0 0.7234375 0.98515625 0.1109375 0.0296875
0 0.446875 0.02578125 0.015625 0.0421875
0 0.9234375 0.86953125 0.0203125 0.025
