0 0.9546875 0.8328125 0.090625 0.059375
0 0.9375 0.984375 0.0890625 0.03125
0 0.74921875 0.8390625 0.046875 0.03125
0 0.5515625 0.91953125 0.0453125 0.10625
0 0.57890625 0.86875 0.03125 0.10625
0 0.546875 0.80703125 0.0296875 0.103125
0 0.53984375 0.65 0.028125 0.1015625
0 0.5671875 0.65 0.015625 0.071875
0 0.57890625 0.63828125 0.0125 0.053125
0 0.54375 0.56875 0.0171875 0.0640625
0 0.51875 0.56015625 0.015625 0.0671875
0 0.46796875 0.57109375 0.0171875 0.065625
0 0.47734375 0.6875 0.021875 0.06875
0 0.453125 0.79609375 0.021875 0.0703125
0 0.4015625 0.7796875 0.0375 0.028125
0 0.3984375 0.81796875 0.0421875 0.0265625
0 0.41953125 0.565625 0.021875 0.0640625
0 0.4203125 0.459375 0.03125 0.053125
0 0.4125 0.39921875 0.021875 0.0703125
0 0.46875 0.4625 0.01875 0.065625
0 0.5265625 0.47734375 0.015625 0.06875
0 0.49921875 0.08125 0.015625 0.06875
0 0.46484375 0.1359375 0.0171875 0.0609375
0 0.509375 0.23515625 0.0125 0.0265625
0 0.51875 0.2234375 0.0125 0.0328125
0 0.53984375 0.14140625 0.0140625 0.0375
0 0.48984375 0.32421875 0.0171875 0.0765625
0 0.54765625 0.478125 0.0125 0.028125
0 0.5046875 0.63984375 0.0203125 0.034375
0 0.5125 0.671875 0.0171875 0.028125
0 0.63046875 0.9046875 0.0171875 0.0265625
0 0.7609375 0.98671875 0.01875 0.021875
0 0.83828125 0.846875 0.021875 0.025
0 0.84140625 0.82265625 0.0140625 0.03125
0 0.4625 0.97421875 0.0171875 0.025
0 0.446875 0.97578125 0.0125 0.03125
0 0.44375 0.88515625 0.0140625 0.0265625
0 0.440625 0.859375 0.021875 0.0265625
0 0.5734375 0.91640625 0.01875 0.021875
0 0.61171875 0.9265625 0.015625 0.025
0 0.55234375 0.50625 0.0140625 0.025
