0 0.02109375 0.0140625 0.0296875 0.0265625
0 0.53359375 0.0109375 0.0203125 0.021875
0 0.61484375 0.58046875 0.0203125 0.05625
0 0.0140625 0.33984375 0.028125 0.059375
0 0.57421875 0.1734375 0.0203125 0.084375
0 0.76015625 0.1765625 0.0234375 0.065625
0 0.15625 0.25546875 0.0359375 0.0546875
0 0.57890625 0.3234375 0.05 0.04375
0 0.76484375 0.40078125 0.0609375 0.046875
0 0.7625 0.325 0.0546875 0.0453125
0 0.496875 0.34375 0.065625 0.053125
0 0.8046875 0.7875 0.0359375 0.1125
0 0.94609375 0.38359375 0.05 0.04375
0 0.67421875 0.315625 0.059375 0.05
0 0.6859375 0.41484375 0.0484375 0.0453125
0 0.8578125 0.284375 0.0546875 0.046875
0 0.30625 0.44765625 0.0625 0.05625
0 0.053125 0.07421875 0.0453125 0.0875
0 0.22421875 0.4203125 0.053125 0.05
0 0.49453125 0.453125 0.059375 0.046875
0 0.5796875 0.440625 0.059375 0.046875
0 0.25703125 0.3234375 0.0515625 0.05625
0 0.4234375 0.4515625 0.0484375 0.040625
0 0.8671875 0.39453125 0.059375 0.0484375
0 0.96171875 0.2765625 0.0734375 0.06875
0 0.1140625 0.390625 0.059375 0.05625
0 0.09375 0.15703125 0.0453125 0.0765625
0 0.3921875 0.3515625 0.05625 0.0421875
0 0.7546875 0.946875 0.028125 0.1015625
