0 0.5765625 0.1421875 0.046875 0.1984375
0 0.70703125 0.15546875 0.046875 0.2109375
0 0.26875 0.878125 0.046875 0.190625
0 0.68359375 0.8953125 0.046875 0.196875
0 0.3390625 0.13125 0.0515625 0.215625
0 0.4796875 0.88046875 0.0484375 0.2046875
0 0.45546875 0.1359375 0.0515625 0.1671875
0 0.9203125 0.4890625 0.10625 0.0796875
0 0.40078125 0.85390625 0.05 0.203125
0 0.5875 0.4 0.05 0.19375
0 0.3953125 0.40078125 0.0484375 0.2140625
0 0.459375 0.43046875 0.05 0.2171875
0 0.7015625 0.41328125 0.05 0.2109375
0 0.93203125 0.596875 0.1078125 0.0828125
0 0.91953125 0.1515625 0.11875 0.090625
0 0.79375 0.8078125 0.025 0.04375
