0 0.575 0.13046875 0.0421875 0.078125
0 0.8296875 0.440625 0.04375 0.090625
0 0.76796875 0.36796875 0.0421875 0.0890625
0 0.7125 0.30390625 0.04375 0.078125
0 0.8 0.39765625 0.046875 0.0984375
0 0.73828125 0.34296875 0.0421875 0.0859375
0 0.6703125 0.2609375 0.0421875 0.084375
0 0.64296875 0.2296875 0.0453125 0.0828125
0 0.59296875 0.1671875 0.04375 0.078125
0 0.859375 0.4703125 0.0421875 0.084375
0 0.5078125 0.346875 0.0375 0.0578125
0 0.61875 0.1953125 0.0390625 0.075
0 0.840625 0.75703125 0.0375 0.0703125
0 0.58671875 0.44453125 0.0359375 0.0625
0 0.87421875 0.79609375 0.0359375 0.0703125
0 0.70625 0.603125 0.03125 0.0578125
0 0.80703125 0.72421875 0.0328125 0.0609375
0 0.90546875 0.8515625 0.0375 0.071875
0 0.47890625 0.31875 0.0328125 0.0484375
0 0.559375 0.41328125 0.028125 0.0578125
0 0.775 0.68515625 0.0328125 0.0625
0 0.74140625 0.64296875 0.034375 0.065625
0 0.634375 0.50859375 0.034375 0.0625
0 0.6625 0.54609375 0.03125 0.0578125
0 0.58671875 0.34296875 0.0109375 0.0265625
0 0.53203125 0.384375 0.0296875 0.0515625
0 0.5828125 0.37890625 0.0109375 0.021875
0 0.56875 0.32421875 0.009375 0.03125
0 0.55390625 0.34453125 0.0109375 0.021875
0 0.98828125 0.04140625 0.0234375 0.0515625
0 0.9734375 0.228125 0.053125 0.053125
0 0.975 0.2859375 0.05 0.053125
0 0.97578125 0.34609375 0.0484375 0.065625
0 0.9890625 0.90078125 0.021875 0.059375
