0 0.31640625 0.10390625 0.046875 0.04375
0 0.37578125 0.18125 0.0546875 0.04375
0 0.43125 0.9875 0.0296875 0.0234375
0 0.3234375 0.0421875 0.046875 0.04375
0 0.3515625 0.4515625 0.0609375 0.046875
0 0.45859375 0.6515625 0.025 0.1
0 0.27734375 0.54921875 0.05 0.040625
0 0.4484375 0.77890625 0.028125 0.1
0 0.43984375 0.89453125 0.03125 0.11875
0 0.46015625 0.5234375 0.025 0.090625
0 0.4859375 0.13203125 0.025 0.0765625
0 0.28828125 0.415625 0.059375 0.05
0 0.465625 0.4140625 0.025 0.0921875
0 0.321875 0.22421875 0.0515625 0.0421875
0 0.29765625 0.29609375 0.0546875 0.04375
0 0.46640625 0.30546875 0.025 0.0859375
0 0.234375 0.88125 0.0640625 0.053125
0 0.33203125 0.57109375 0.05 0.0515625
0 0.34140625 0.71640625 0.0359375 0.05
0 0.3140625 0.259375 0.009375 0.021875
0 0.30625 0.2734375 0.0078125 0.009375
0 0.31796875 0.12109375 0.009375 0.028125
0 0.2765625 0.2671875 0.0140625 0.0140625
