0 0.509375 0.7671875 0.0109375 0.0203125
0 0.85 0.33125 0.034375 0.11875
0 0.925 0.32109375 0.0359375 0.121875
0 0.609375 0.98984375 0.0703125 0.0171875
0 0.7421875 0.346875 0.0328125 0.1140625
0 0.6 0.80546875 0.078125 0.0546875
0 0.43046875 0.50078125 0.0671875 0.059375
0 0.8859375 0.3265625 0.034375 0.096875
0 0.98828125 0.32109375 0.0234375 0.11875
0 0.43984375 0.65546875 0.071875 0.053125
0 0.77578125 0.3359375 0.03125 0.1125
0 0.7046875 0.353125 0.03125 0.1109375
0 0.6671875 0.3609375 0.03125 0.11875
0 0.81328125 0.3359375 0.0328125 0.1125
0 0.63203125 0.36953125 0.028125 0.11875
0 0.96015625 0.31875 0.0359375 0.109375
0 0.44296875 0.7609375 0.06875 0.0703125
0 0.42890625 0.56328125 0.0671875 0.0546875
0 0.60390625 0.87421875 0.071875 0.05625
0 0.52265625 0.76796875 0.0109375 0.021875
