0 0.4234375 0.99140625 0.025 0.0140625
0 0.9890625 0.1765625 0.021875 0.053125
0 0.9265625 0.21875 0.08125 0.06875
0 0.63203125 0.79296875 0.05625 0.0640625
0 0.26796875 0.446875 0.028125 0.10625
0 0.02578125 0.25546875 0.05 0.040625
0 0.253125 0.1109375 0.028125 0.103125
0 0.0828125 0.2625 0.0515625 0.04375
0 0.0203125 0.41640625 0.040625 0.0484375
0 0.8421875 0.275 0.0703125 0.0765625
0 0.58125 0.9484375 0.0625 0.071875
0 0.59375 0.41328125 0.0640625 0.059375
0 0.665625 0.37578125 0.059375 0.0546875
0 0.046875 0.33359375 0.0578125 0.0484375
0 0.7796875 0.140625 0.0765625 0.0796875
0 0.87421875 0.09296875 0.065625 0.0671875
0 0.640625 0.90390625 0.059375 0.065625
0 0.74296875 0.32265625 0.078125 0.078125
