0 0.0359375 0.60546875 0.071875 0.1421875
0 0.27578125 0.83671875 0.078125 0.15
0 0.35390625 0.92578125 0.06875 0.146875
0 0.1234375 0.6671875 0.0734375 0.13125
0 0.3109375 0.88671875 0.075 0.15625
0 0.2359375 0.784375 0.0625 0.1359375
0 0.1609375 0.70390625 0.0703125 0.1375
0 0.19375 0.74609375 0.0640625 0.1484375
0 0.46171875 0.07421875 0.0421875 0.09375
0 0.084375 0.63203125 0.065625 0.1140625
0 0.3578125 0.21171875 0.0375 0.1921875
0 0.4140625 0.13046875 0.059375 0.065625
0 0.4078125 0.04375 0.046875 0.08125
0 0.08671875 0.03515625 0.053125 0.0671875
0 0.378125 0.03125 0.04375 0.0609375
0 0.178125 0.3515625 0.121875 0.1515625
0 0.42734375 0.959375 0.0484375 0.078125
0 0.34609375 0.0171875 0.0390625 0.034375
0 0.2984375 0.27890625 0.0140625 0.0359375
0 0.265625 0.39921875 0.0125 0.03125
0 0.1984375 0.29140625 0.01875 0.03125
0 0.01875 0.37109375 0.015625 0.034375
0 0.421875 0.24140625 0.0453125 0.1828125
0 0.246875 0.39921875 0.015625 0.034375
0 0.340625 0.49453125 0.109375 0.1453125
0 0.2390625 0.16875 0.015625 0.034375
0 0.2875 0.153125 0.009375 0.0328125
0 0.2875 0.140625 0.0140625 0.034375
0 0.49921875 0.153125 0.0078125 0.034375
0 0.53984375 0.18671875 0.0140625 0.0328125
0 0.553125 0.16328125 0.0109375 0.0375
0 0.59765625 0.15859375 0.0109375 0.0328125
0 0.6359375 0.19765625 0.0125 0.0328125
0 0.64453125 0.2125 0.0140625 0.028125
0 0.665625 0.2 0.0109375 0.0328125
0 0.67578125 0.178125 0.009375 0.0296875
0 0.73671875 0.221875 0.0109375 0.0375
0 0.728125 0.21328125 0.0125 0.028125
0 0.11328125 0.01328125 0.053125 0.0265625
0 0.18359375 0.0125 0.0515625 0.0234375
0 0.59609375 0.52890625 0.08125 0.1109375
0 0.63046875 0.7546875 0.1296875 0.175
