0 0.59609375 0.1671875 0.009375 0.0296875
0 0.825 0.59921875 0.0171875 0.0328125
0 0.02890625 0.2234375 0.0578125 0.0453125
0 0.4328125 0.2140625 0.0296875 0.096875
0 0.7078125 0.034375 0.03125 0.06875
0 0.3921875 0.209375 0.03125 0.1140625
0 0.6078125 0.2703125 0.0265625 0.096875
0 0.64296875 0.271875 0.028125 0.1015625
0 0.05546875 0.065625 0.0671875 0.0546875
0 0.56875 0.24921875 0.028125 0.1046875
0 0.721875 0.25625 0.028125 0.109375
0 0.22421875 0.19453125 0.034375 0.103125
0 0.528125 0.22890625 0.0265625 0.10625
0 0.4703125 0.21875 0.03125 0.1015625
0 0.6578125 0.49609375 0.0125 0.0296875
0 0.6765625 0.54609375 0.0109375 0.0203125
0 0.6046875 0.19921875 0.0078125 0.0265625
