0 0.11171875 0.878125 0.0359375 0.05
0 0.109375 0.34453125 0.0390625 0.028125
0 0.64765625 0.65078125 0.0390625 0.046875
0 0.328125 0.7484375 0.0359375 0.05
0 0.07265625 0.8359375 0.0359375 0.05
0 0.01796875 0.39140625 0.0359375 0.0296875
0 0.3484375 0.41796875 0.0390625 0.034375
0 0.965625 0.03203125 0.0390625 0.0453125
0 0.0296875 0.88046875 0.0375 0.046875
0 0.2515625 0.41796875 0.0375 0.028125
0 0.42734375 0.61796875 0.0421875 0.05625
0 0.0171875 0.4390625 0.034375 0.0265625
0 0.77890625 0.11328125 0.0359375 0.04375
0 0.11953125 0.79765625 0.0453125 0.059375
0 0.8515625 0.0640625 0.0390625 0.0453125
0 0.346875 0.3609375 0.0359375 0.03125
0 0.85859375 0.1328125 0.040625 0.0359375
0 0.9390625 0.09375 0.040625 0.04375
0 0.50546875 0.384375 0.0390625 0.0421875
0 0.81171875 0.26171875 0.04375 0.05
0 0.1625 0.76171875 0.0328125 0.0421875
0 0.78125 0.16640625 0.0390625 0.05
0 0.47109375 0.528125 0.034375 0.046875
0 0.94921875 0.14375 0.0421875 0.0453125
0 0.24140625 0.69296875 0.0328125 0.04375
0 0.90859375 0.0671875 0.046875 0.0546875
0 0.72109375 0.21953125 0.040625 0.0421875
0 0.63359375 0.4140625 0.034375 0.046875
0 0.19921875 0.7296875 0.0375 0.0515625
0 0.53125 0.25390625 0.03125 0.0265625
0 0.36796875 0.1015625 0.0234375 0.0703125
0 0.2484375 0.3546875 0.0359375 0.0265625
0 0.65234375 0.190625 0.0359375 0.0453125
0 0.78125 0.0453125 0.034375 0.0421875
0 0.003125 0.903125 0.00625 0.025
0 0.5203125 0.971875 0.0203125 0.05625
0 0.5515625 0.99140625 0.015625 0.0171875
0 0.55078125 0.88359375 0.0125 0.025
0 0.359375 0.03203125 0.025 0.0515625
0 0.41328125 0.00703125 0.0140625 0.0140625
0 0.81953125 0.01953125 0.0390625 0.0375
0 0.8484375 0.0046875 0.015625 0.009375
0 0.9796875 0.3859375 0.0375 0.046875
0 0.940625 0.415625 0.0359375 0.0453125
0 0.903125 0.44609375 0.0359375 0.0421875
0 0.434375 0.86953125 0.00625 0.0140625
0 0.50625 0.75546875 0.0046875 0.0125
0 0.45625 0.7484375 0.0078125 0.01875
0 0.0859375 0.2328125 0.009375 0.0109375
0 0.09375 0.215625 0.0109375 0.0125
0 0.10859375 0.22734375 0.0109375 0.0125
0 0.10625 0.23671875 0.0078125 0.0078125
0 0.13125 0.23203125 0.009375 0.0125
0 0.0703125 0.309375 0.009375 0.0125
0 0.48515625 0.20234375 0.0046875 0.0109375
0 0.4875 0.18359375 0.0046875 0.009375
0 0.4921875 0.18203125 0.0046875 0.009375
0 0.5875 0.1390625 0.0046875 0.0109375
0 0.81796875 0.35546875 0.0078125 0.0171875
0 0.80703125 0.3578125 0.0078125 0.021875
0 0.76640625 0.35703125 0.0078125 0.0125
0 0.615625 0.4859375 0.0046875 0.0109375
0 0.615625 0.5171875 0.00625 0.0125
0 0.5984375 0.534375 0.0078125 0.0109375
0 0.5953125 0.50546875 0.00625 0.0125
0 0.57890625 0.521875 0.0046875 0.0109375
0 0.5609375 0.58671875 0.0046875 0.0078125
0 0.575 0.56484375 0.0046875 0.0046875
0 0.57265625 0.57265625 0.0046875 0.0078125
0 0.35703125 0.5578125 0.0046875 0.0078125
0 0.0765625 0.49453125 0.00625 0.0109375
0 0.209375 0.2296875 0.00625 0.0140625
0 0.57265625 0.19453125 0.0359375 0.0453125
0 0.5375 0.94921875 0.0078125 0.01875
0 0.478125 0.85234375 0.009375 0.0125
0 0.99765625 0.0375 0.0046875 0.0109375
0 0.32890625 0.04296875 0.0046875 0.015625
0 0.48671875 0.9625 0.0046875 0.009375
