0 0.95078125 0.83828125 0.0265625 0.0265625
0 0.7015625 0.5171875 0.0265625 0.028125
0 0.1921875 0.5734375 0.025 0.0265625
0 0.16015625 0.62109375 0.03125 0.034375
0 0.45546875 0.58515625 0.015625 0.028125
0 0.80234375 0.746875 0.03125 0.028125
0 0.10078125 0.56484375 0.025 0.028125
0 0.1640625 0.4390625 0.025 0.0265625
0 0.4046875 0.58984375 0.0140625 0.0265625
0 0.7765625 0.37109375 0.03125 0.0265625
0 0.78203125 0.403125 0.0265625 0.025
0 0.01171875 0.54140625 0.0234375 0.0296875
0 0.78515625 0.53671875 0.034375 0.03125
0 0.1390625 0.49921875 0.025 0.0265625
0 0.53828125 0.39453125 0.028125 0.0296875
0 0.81640625 0.39921875 0.0234375 0.0265625
0 0.709375 0.634375 0.028125 0.0265625
0 0.37265625 0.45234375 0.0203125 0.0296875
0 0.4046875 0.5171875 0.0140625 0.0265625
0 0.325 0.37578125 0.0234375 0.028125
0 0.0625 0.465625 0.0265625 0.0265625
0 0.0421875 0.625 0.0359375 0.0265625
0 0.86015625 0.525 0.034375 0.025
0 0.4328125 0.67265625 0.0171875 0.028125
0 0.81328125 0.6546875 0.0375 0.028125
0 0.33671875 0.33515625 0.0296875 0.03125
0 0.8140625 0.70546875 0.0421875 0.03125
0 0.875 0.39296875 0.034375 0.028125
0 0.1984375 0.45703125 0.025 0.028125
0 0.73984375 0.31328125 0.03125 0.028125
0 0.6328125 0.37109375 0.0234375 0.028125
0 0.18828125 0.36171875 0.028125 0.028125
0 0.98671875 0.71328125 0.0265625 0.0265625
0 0.615625 0.71875 0.028125 0.03125
0 0.41640625 0.4859375 0.01875 0.028125
0 0.25234375 0.37265625 0.01875 0.028125
0 0.11328125 0.696875 0.025 0.0296875
0 0.1140625 0.528125 0.01875 0.0265625
0 0.83046875 0.47421875 0.0375 0.0265625
0 0.27421875 0.53359375 0.021875 0.0265625
0 0.43828125 0.5484375 0.0171875 0.028125
0 0.4984375 0.7296875 0.0171875 0.028125
0 0.69609375 0.38125 0.03125 0.025
0 0.20546875 0.32109375 0.021875 0.025
0 0.51796875 0.43125 0.021875 0.03125
0 0.4296875 0.6359375 0.0234375 0.021875
0 0.59609375 0.55546875 0.028125 0.03125
0 0.2984375 0.609375 0.0203125 0.028125
0 0.72734375 0.36484375 0.034375 0.028125
0 0.659375 0.65390625 0.0296875 0.03125
0 0.18203125 0.49296875 0.0328125 0.0265625
0 0.01875 0.4703125 0.0359375 0.0265625
0 0.81015625 0.3484375 0.034375 0.028125
0 0.02265625 0.43359375 0.0390625 0.025
0 0.740625 0.409375 0.028125 0.0296875
0 0.76796875 0.4484375 0.0359375 0.028125
0 0.6484375 0.35 0.025 0.0265625
0 0.56015625 0.6046875 0.028125 0.028125
0 0.41015625 0.3671875 0.0140625 0.0265625
0 0.69453125 0.48515625 0.028125 0.025
0 0.70234375 0.55546875 0.0375 0.028125
0 0.15859375 0.3265625 0.028125 0.0234375
0 0.8703125 0.58046875 0.0328125 0.0265625
0 0.8859375 0.67578125 0.0359375 0.028125
0 0.18828125 0.41640625 0.0296875 0.025
0 0.70859375 0.59296875 0.03125 0.0265625
0 0.946875 0.77421875 0.034375 0.028125
0 0.55703125 0.671875 0.0265625 0.028125
0 0.909375 0.7390625 0.0359375 0.03125
0 0.69453125 0.45 0.025 0.0234375
0 0.6359375 0.41796875 0.03125 0.0265625
0 0.04140625 0.29296875 0.0375 0.03125
0 0.9 0.63359375 0.0375 0.025
0 0.615625 0.68515625 0.028125 0.028125
0 0.521875 0.4796875 0.0234375 0.028125
0 0.6390625 0.590625 0.0234375 0.028125
0 0.62890625 0.765625 0.0296875 0.0296875
0 0.78203125 0.321875 0.034375 0.0296875
0 0.9796875 0.65 0.0390625 0.03125
0 0.0890625 0.3390625 0.0359375 0.0265625
0 0.3546875 0.75625 0.028125 0.028125
0 0.265625 0.6765625 0.03125 0.0328125
0 0.178125 0.6625 0.0203125 0.0265625
0 0.16640625 0.73046875 0.025 0.034375
0 0.15546875 0.80625 0.021875 0.0359375
0 0.1390625 0.765625 0.025 0.0328125
0 0.08046875 0.5796875 0.0359375 0.021875
0 0.14140625 0.4609375 0.028125 0.028125
0 0.94609375 0.59453125 0.0421875 0.0265625
0 0.89375 0.54375 0.0390625 0.0296875
0 0.8359375 0.6171875 0.0375 0.028125
0 0.86171875 0.78828125 0.0265625 0.0203125
0 0.95078125 0.5296875 0.04375 0.028125
0 0.97890625 0.49921875 0.0421875 0.0296875
0 0.98125 0.609375 0.0375 0.03125
0 0.9796875 0.5765625 0.040625 0.0296875
0 0.771875 0.4765625 0.0359375 0.0328125
0 0.4921875 0.65546875 0.021875 0.0265625
0 0.5734375 0.74921875 0.028125 0.0390625
