0 0.215625 0.20390625 0.0109375 0.0140625
0 0.30234375 0.01328125 0.0078125 0.01875
0 0.0765625 0.421875 0.0125 0.0140625
0 0.0796875 0.36015625 0.0125 0.0109375
0 0.0953125 0.34140625 0.0140625 0.0140625
0 0.159375 0.26171875 0.0140625 0.0140625
0 0.0609375 0.40859375 0.0140625 0.0140625
0 0.28515625 0.0515625 0.0109375 0.021875
0 0.00625 0.61796875 0.0125 0.0828125
0 0.20859375 0.70234375 0.046875 0.075
0 0.0515625 0.91875 0.0453125 0.071875
0 0.38125 0.03203125 0.025 0.0625
0 0.6046875 0.021875 0.04375 0.0421875
0 0.4609375 0.31328125 0.0359375 0.05625
0 0.0203125 0.784375 0.040625 0.0828125
0 0.15546875 0.37578125 0.053125 0.05
0 0.56640625 0.165625 0.0484375 0.084375
0 0.1265625 0.81484375 0.0515625 0.084375
0 0.81640625 0.6984375 0.0453125 0.046875
0 0.66875 0.92890625 0.0484375 0.0609375
0 0.509375 0.68828125 0.0484375 0.078125
0 0.13125 0.61953125 0.046875 0.075
0 0.03125 0.8546875 0.040625 0.065625
0 0.92578125 0.4703125 0.040625 0.0828125
0 0.5109375 0.1625 0.0515625 0.084375
0 0.371875 0.36484375 0.0421875 0.06875
0 0.86171875 0.56953125 0.046875 0.075
0 0.27578125 0.19140625 0.05625 0.06875
0 0.128125 0.721875 0.04375 0.0703125
0 0.24140625 0.365625 0.053125 0.084375
0 0.5578125 0.70546875 0.046875 0.078125
0 0.2171875 0.09765625 0.04375 0.071875
0 0.89375 0.12421875 0.0453125 0.0734375
0 0.9046875 0.24296875 0.0453125 0.078125
0 0.3796875 0.26328125 0.046875 0.078125
0 0.3515625 0.49140625 0.0421875 0.06875
0 0.49453125 0.0765625 0.04375 0.078125
0 0.9421875 0.2828125 0.04375 0.075
0 0.31640625 0.1171875 0.05625 0.0578125
0 0.090625 0.47578125 0.0546875 0.0546875
0 0.25390625 0.53515625 0.0421875 0.0671875
0 0.72734375 0.840625 0.0515625 0.0515625
0 0.2296875 0.48203125 0.04375 0.0703125
0 0.71484375 0.11953125 0.0109375 0.028125
0 0.7078125 0.13359375 0.0078125 0.0140625
0 0.20546875 0.184375 0.0125 0.0171875
0 0.0671875 0.38203125 0.0125 0.0140625
