0 0.66171875 0.43203125 0.0203125 0.0640625
0 0.9046875 0.559375 0.0328125 0.0265625
0 0.40703125 0.93984375 0.0140625 0.059375
0 0.63515625 0.7390625 0.03125 0.0625
0 0.37265625 0.88984375 0.0171875 0.065625
0 0.71875 0.29296875 0.025 0.0609375
0 0.06171875 0.44609375 0.0359375 0.025
0 0.84765625 0.609375 0.028125 0.0234375
0 0.9109375 0.609375 0.0328125 0.0234375
0 0.62890625 0.925 0.034375 0.0625
0 0.98984375 0.390625 0.0203125 0.025
0 0.6875 0.8546875 0.028125 0.028125
0 0.3609375 0.57734375 0.0171875 0.0859375
0 0.17421875 0.5375 0.0328125 0.0234375
0 0.9875 0.41796875 0.025 0.0234375
0 0.71171875 0.79375 0.03125 0.025
0 0.428125 0.94140625 0.0140625 0.05625
0 0.0984375 0.58125 0.0453125 0.028125
0 0.9359375 0.81171875 0.028125 0.0265625
0 0.45625 0.1984375 0.04375 0.0890625
0 0.3828125 0.153125 0.0328125 0.040625
0 0.5046875 0.0203125 0.0140625 0.040625
0 0.90234375 0.478125 0.0328125 0.025
0 0.171875 0.45625 0.0375 0.028125
0 0.47421875 0.70625 0.0046875 0.0078125
0 0.46796875 0.709375 0.0046875 0.009375
