0 0.40703125 0.93828125 0.0140625 0.059375
0 0.71796875 0.29296875 0.025 0.0625
0 0.62890625 0.9234375 0.0328125 0.0625
0 0.6625 0.6125 0.021875 0.06875
0 0.57890625 0.83984375 0.03125 0.059375
0 0.37265625 0.8875 0.0171875 0.0640625
0 0.06171875 0.44609375 0.034375 0.025
0 0.91015625 0.6078125 0.0328125 0.0234375
0 0.08046875 0.53203125 0.0328125 0.0234375
0 0.84765625 0.60703125 0.0296875 0.0234375
0 0.7953125 0.55859375 0.0296875 0.025
0 0.68828125 0.85234375 0.03125 0.03125
0 0.98984375 0.3890625 0.0203125 0.025
0 0.428125 0.93984375 0.0140625 0.053125
0 0.371875 0.4078125 0.0296875 0.0828125
0 0.165625 0.45625 0.025 0.021875
0 0.0984375 0.5828125 0.0453125 0.028125
0 0.3828125 0.15234375 0.0328125 0.0421875
0 0.49453125 0.10078125 0.028125 0.1
0 0.71015625 0.79375 0.03125 0.0234375
0 0.9015625 0.47734375 0.0328125 0.0265625
0 0.934375 0.81015625 0.0265625 0.0265625
0 0.47421875 0.7046875 0.0046875 0.0078125
0 0.46796875 0.709375 0.0046875 0.009375
