0 0.02109375 0.1734375 0.0421875 0.0359375
0 0.203125 0.159375 0.0421875 0.0328125
0 0.53046875 0.19140625 0.046875 0.0703125
0 0.5359375 0.5234375 0.0390625 0.078125
0 0.50625 0.75078125 0.046875 0.065625
0 0.625 0.4015625 0.0453125 0.059375
0 0.06484375 0.196875 0.0203125 0.0765625
0 0.1109375 0.16953125 0.05 0.040625
0 0.4015625 0.975 0.0078125 0.0140625
0 0.57890625 0.2453125 0.00625 0.009375
0 0.5265625 0.29140625 0.0046875 0.0140625
0 0.51484375 0.30546875 0.00625 0.015625
0 0.553125 0.33046875 0.0078125 0.0109375
0 0.575 0.34921875 0.00625 0.0140625
0 0.58671875 0.36796875 0.00625 0.0078125
0 0.57265625 0.36640625 0.00625 0.0125
0 0.5734375 0.41171875 0.0046875 0.0078125
0 0.58203125 0.43046875 0.0046875 0.009375
0 0.43828125 0.1390625 0.00625 0.0171875
0 0.43359375 0.1125 0.0046875 0.0125
0 0.42890625 0.09375 0.0046875 0.0140625
0 0.27265625 0.15390625 0.04375 0.0359375
