0 0.06328125 0.7140625 0.0359375 0.115625
0 0.171875 0.94921875 0.028125 0.0984375
0 0.0828125 0.24453125 0.0296875 0.1015625
0 0.1734375 0.78046875 0.0296875 0.1140625
0 0.171875 0.6265625 0.028125 0.1140625
0 0.0765625 0.3828125 0.0328125 0.1203125
0 0.0875 0.12421875 0.0296875 0.0984375
0 0.171875 0.34140625 0.0296875 0.1109375
0 0.0546875 0.85390625 0.03125 0.1140625
0 0.0515625 0.9640625 0.03125 0.0671875
0 0.06953125 0.5359375 0.0328125 0.1140625
0 0.0875 0.03671875 0.028125 0.071875
0 0.16875 0.159375 0.0484375 0.1765625
