0 0.35 0.6125 0.0453125 0.1203125
0 0.16328125 0.90390625 0.0296875 0.1140625
0 0.334375 0.58203125 0.028125 0.0921875
0 0.51328125 0.12578125 0.009375 0.0234375
0 0.47421875 0.6875 0.0109375 0.046875
0 0.459375 0.80078125 0.0234375 0.0546875
0 0.6 0.75703125 0.0984375 0.0953125
0 0.63515625 0.41171875 0.046875 0.046875
0 0.646875 0.38984375 0.04375 0.05
0 0.84765625 0.3625 0.0546875 0.0625
0 0.84375 0.37421875 0.0375 0.0421875
0 0.83828125 0.32734375 0.034375 0.03125
0 0.89609375 0.38203125 0.0375 0.0390625
0 0.90078125 0.40859375 0.0234375 0.0234375
0 0.878125 0.4109375 0.0234375 0.0234375
0 0.54609375 0.19375 0.015625 0.0390625
0 0.5609375 0.1875 0.0109375 0.0234375
0 0.571875 0.18828125 0.009375 0.021875
0 0.58515625 0.21796875 0.0078125 0.01875
0 0.575 0.2140625 0.0078125 0.0203125
0 0.57578125 0.6625 0.009375 0.0390625
0 0.603125 0.75625 0.0046875 0.01875
0 0.61015625 0.75234375 0.0046875 0.015625
0 0.66171875 0.3546875 0.0046875 0.01875
0 0.97109375 0.42578125 0.00625 0.01875
