0 0.0234375 0.33671875 0.046875 0.046875
0 0.99453125 0.3875 0.0109375 0.0375
0 0.025 0.26015625 0.05 0.05625
0 0.28125 0.5125 0.0203125 0.0140625
0 0.70625 0.89453125 0.0515625 0.059375
0 0.45234375 0.34375 0.021875 0.0171875
0 0.27890625 0.18359375 0.009375 0.0109375
0 0.23984375 0.26171875 0.075 0.0453125
0 0.0234375 0.33671875 0.046875 0.05
0 0.50234375 0.58046875 0.015625 0.028125
0 0.15078125 0.415625 0.0734375 0.046875
0 0.11015625 0.2578125 0.0890625 0.0484375
0 0.009375 0.53359375 0.0171875 0.0359375
0 0.9078125 0.5546875 0.071875 0.05
0 0.38671875 0.25078125 0.0796875 0.0421875
0 0.4984375 0.49765625 0.0234375 0.028125
0 0.8078125 0.31875 0.0828125 0.0484375
0 0.12421875 0.559375 0.0515625 0.0390625
0 0.75234375 0.56796875 0.05 0.034375
0 0.9203125 0.39609375 0.0515625 0.034375
0 0.7984375 0.24296875 0.1078125 0.053125
0 0.79921875 0.47734375 0.0484375 0.0328125
0 0.9875 0.46953125 0.025 0.0390625
0 0.47265625 0.41953125 0.0484375 0.0328125
0 0.8140625 0.715625 0.0484375 0.0359375
0 0.69140625 0.246875 0.0328125 0.0328125
0 0.7 0.5734375 0.04375 0.0375
0 0.984375 0.53359375 0.03125 0.0359375
0 0.9390625 0.47265625 0.05 0.0375
0 0.44609375 0.5796875 0.0484375 0.034375
0 0.7734375 0.39375 0.046875 0.0328125
0 0.846875 0.39765625 0.0515625 0.034375
0 0.90703125 0.70234375 0.053125 0.046875
0 0.365625 0.578125 0.0546875 0.0375
0 0.7828125 0.87890625 0.0515625 0.0359375
0 0.715625 0.728125 0.0515625 0.0390625
0 0.16875 0.34453125 0.053125 0.0359375
0 0.278125 0.5734375 0.053125 0.0359375
0 0.33203125 0.4984375 0.0484375 0.0328125
0 0.08125 0.6734375 0.053125 0.0484375
0 0.309375 0.72578125 0.05 0.034375
0 0.215625 0.4890625 0.0484375 0.034375
0 0.13671875 0.48984375 0.05 0.034375
0 0.8765625 0.86796875 0.0546875 0.0390625
0 0.290625 0.65390625 0.0484375 0.034375
0 0.10546875 0.34296875 0.04375 0.03125
0 0.8640625 0.48046875 0.0484375 0.0328125
0 0.01796875 0.4171875 0.0359375 0.034375
0 0.23515625 0.34296875 0.04375 0.03125
0 0.7328125 0.49140625 0.0484375 0.034375
0 0.0171875 0.8453125 0.034375 0.0515625
0 0.4265625 0.49609375 0.05 0.0328125
0 0.36328125 0.33828125 0.053125 0.0375
0 0.0671875 0.55703125 0.0484375 0.0375
0 0.6984375 0.40859375 0.0390625 0.034375
0 0.31484375 0.8640625 0.046875 0.0390625
0 0.3171875 0.41484375 0.0484375 0.03125
0 0.3828125 0.415625 0.053125 0.0328125
0 0.0765625 0.409375 0.0546875 0.0359375
0 0.6171875 0.375 0.021875 0.084375
0 0.23203125 0.41640625 0.0453125 0.0328125
0 0.8875 0.934375 0.0546875 0.046875
0 0.9546875 0.87265625 0.0515625 0.05625
0 0.7671875 0.9515625 0.046875 0.0328125
0 0.18671875 0.56640625 0.04375 0.034375
0 0.15390625 0.77578125 0.0484375 0.04375
0 0.83515625 0.56328125 0.0546875 0.0390625
0 0.91328125 0.24375 0.0828125 0.05
0 0.10546875 0.2015625 0.0109375 0.009375
