0 0.84140625 0.17109375 0.0078125 0.0203125
0 0.45234375 0.496875 0.00625 0.009375
0 0.38046875 0.57578125 0.00625 0.0109375
0 0.50625 0.74765625 0.0046875 0.0078125
0 0.409375 0.5375 0.0046875 0.009375
0 0.44453125 0.5046875 0.00625 0.009375
0 0.51015625 0.44609375 0.0046875 0.0109375
0 0.840625 0.16328125 0.0078125 0.0109375
0 0.453125 0.515625 0.00625 0.009375
0 0.75234375 0.51640625 0.0078125 0.0140625
0 0.9359375 0.07265625 0.0125 0.0140625
0 0.525 0.434375 0.00625 0.009375
0 0.42265625 0.53984375 0.0046875 0.0078125
0 0.75859375 0.521875 0.009375 0.015625
0 0.52890625 0.45546875 0.00625 0.0109375
0 0.38828125 0.85078125 0.00625 0.0078125
0 0.84296875 0.1796875 0.0078125 0.0125
0 0.86484375 0.159375 0.0078125 0.009375
0 0.6609375 0.58359375 0.00625 0.0109375
0 0.95546875 0.090625 0.0125 0.015625
0 0.87265625 0.3734375 0.0109375 0.0125
0 0.38046875 0.78515625 0.0109375 0.0140625
0 0.7625 0.4625 0.0140625 0.0125
0 0.9078125 0.3390625 0.0140625 0.0125
0 0.8546875 0.37578125 0.0140625 0.0140625
0 0.8796875 0.42265625 0.0109375 0.0109375
0 0.45625 0.70234375 0.0125 0.0109375
0 0.95390625 0.29609375 0.0140625 0.0140625
0 0.39609375 0.7109375 0.0390625 0.05
