0 0.515625 0.3765625 0.0109375 0.0203125
0 0.42265625 0.6640625 0.0109375 0.021875
0 0.51875 0.04296875 0.0234375 0.0828125
0 0.7296875 0.0453125 0.0296875 0.0890625
0 0.6921875 0.88671875 0.028125 0.10625
0 0.73359375 0.16015625 0.028125 0.10625
0 0.67578125 0.4828125 0.028125 0.103125
0 0.6359375 0.365625 0.0234375 0.0984375
0 0.5984375 0.34765625 0.0265625 0.121875
0 0.646875 0.88359375 0.0328125 0.1203125
0 0.55703125 0.85546875 0.028125 0.115625
0 0.5625 0.6171875 0.0265625 0.109375
0 0.3453125 0.95546875 0.0703125 0.0859375
0 0.6890625 0.31796875 0.0109375 0.01875
0 0.778125 0.03125 0.0109375 0.021875
0 0.79140625 0.0390625 0.0109375 0.03125
0 0.825 0.6484375 0.0109375 0.0203125
0 0.815625 0.653125 0.0109375 0.015625
0 0.85234375 0.7015625 0.0171875 0.01875
0 0.4046875 0.5640625 0.009375 0.0109375
0 0.175 0.60859375 0.0125 0.0125
0 0.1796875 0.60390625 0.015625 0.0109375
0 0.29921875 0.32109375 0.0078125 0.015625
0 0.25859375 0.2484375 0.0125 0.0109375
0 0.2609375 0.25703125 0.015625 0.0078125
0 0.42265625 0.0546875 0.009375 0.0296875
0 0.44375 0.8484375 0.021875 0.025
