0 0.0734375 0.209375 0.03125 0.0328125
0 0.171875 0.0203125 0.0203125 0.0375
0 0.14296875 0.02265625 0.0234375 0.0421875
0 0.028125 0.07578125 0.0390625 0.0390625
0 0.0421875 0.72734375 0.059375 0.0421875
0 0.1625 0.60625 0.0296875 0.0984375
0 0.40703125 0.059375 0.025 0.0765625
0 0.134375 0.8703125 0.03125 0.096875
0 0.17734375 0.48046875 0.0265625 0.084375
0 0.1484375 0.73828125 0.0328125 0.0953125
0 0.0875 0.0703125 0.04375 0.04375
0 0.528125 0.34140625 0.0046875 0.0171875
0 0.13046875 0.19921875 0.04375 0.0203125
