0 0.09296875 0.0875 0.0296875 0.0984375
0 0.07578125 0.53671875 0.034375 0.1140625
0 0.065625 0.79921875 0.03125 0.11875
0 0.28359375 0.9359375 0.0703125 0.0546875
0 0.1828125 0.76484375 0.028125 0.10625
0 0.371875 0.915625 0.0640625 0.046875
0 0.1828125 0.5984375 0.028125 0.109375
0 0.08203125 0.36796875 0.0296875 0.109375
0 0.18359375 0.88671875 0.03125 0.11875
0 0.18046875 0.4515625 0.028125 0.1125
0 0.0875 0.22109375 0.0296875 0.115625
0 0.18046875 0.18046875 0.028125 0.1078125
0 0.06875 0.66953125 0.0296875 0.109375
0 0.9703125 0.89921875 0.059375 0.05625
0 0.0984375 0.0125 0.0265625 0.0234375
0 0.81171875 0.8859375 0.0703125 0.0515625
0 0.1734375 0.046875 0.0390625 0.090625
