0 0.9921875 0.834375 0.015625 0.0328125
0 0.75 0.728125 0.0328125 0.034375
0 0.615625 0.73125 0.03125 0.0484375
0 0.1703125 0.590625 0.0390625 0.028125
0 0.4328125 0.76796875 0.028125 0.028125
0 0.46328125 0.1578125 0.040625 0.03125
0 0.1046875 0.55859375 0.0453125 0.03125
0 0.965625 0.81796875 0.0375 0.0390625
0 0.86484375 0.778125 0.0390625 0.0359375
0 0.8625 0.49296875 0.0375 0.0390625
0 0.81015625 0.75703125 0.0359375 0.034375
0 0.04765625 0.39375 0.0375 0.0296875
0 0.7765625 0.434375 0.0390625 0.0515625
0 0.97890625 0.54140625 0.040625 0.0421875
0 0.3078125 0.5390625 0.021875 0.0765625
0 0.9328125 0.521875 0.0390625 0.0390625
0 0.61171875 0.2609375 0.03125 0.059375
0 0.26796875 0.2796875 0.0375 0.0484375
0 0.2234375 0.91640625 0.0109375 0.01875
0 0.2109375 0.90859375 0.0109375 0.015625
0 0.1046875 0.66796875 0.009375 0.0109375
0 0.15625 0.68515625 0.009375 0.0125
0 0.059375 0.665625 0.0109375 0.0109375
0 0.06328125 0.6703125 0.0078125 0.009375
0 0.08203125 0.528125 0.0125 0.015625
0 0.00703125 0.33203125 0.0109375 0.0125
0 0.1515625 0.18984375 0.0125 0.0140625
0 0.06328125 0.0890625 0.0109375 0.0125
0 0.37109375 0.76328125 0.0125 0.0203125
0 0.3765625 0.89375 0.0046875 0.00625
0 0.321875 0.9921875 0.00625 0.015625
0 0.76015625 0.77890625 0.00625 0.0140625
0 0.70390625 0.678125 0.0515625 0.05
0 0.803125 0.51328125 0.00625 0.009375
0 0.75390625 0.4734375 0.0171875 0.0203125
0 0.7625 0.35234375 0.009375 0.009375
0 0.7609375 0.36015625 0.00625 0.0078125
0 0.659375 0.14296875 0.00625 0.0140625
0 0.66640625 0.140625 0.0078125 0.0140625
0 0.66875 0.12734375 0.00625 0.0125
0 0.8828125 0.3203125 0.0265625 0.0765625
0 0.85390625 0.45703125 0.009375 0.0125
0 0.934375 0.48203125 0.0140625 0.009375
