0 0.36875 0.89140625 0.0171875 0.065625
0 0.403125 0.94296875 0.0140625 0.059375
0 0.715625 0.296875 0.0234375 0.0609375
0 0.92734375 0.57109375 0.0359375 0.0265625
0 0.62578125 0.92890625 0.0328125 0.0609375
0 0.35625 0.459375 0.01875 0.0609375
0 0.90703125 0.6125 0.0328125 0.0234375
0 0.84375 0.6125 0.028125 0.0203125
0 0.0578125 0.4484375 0.0359375 0.025
0 0.98828125 0.3921875 0.0234375 0.0234375
0 0.37421875 0.7109375 0.028125 0.0515625
0 0.09375 0.5859375 0.0453125 0.028125
0 0.1671875 0.45859375 0.0375 0.0265625
0 0.37890625 0.15546875 0.0328125 0.0421875
0 0.4609375 0.21953125 0.03125 0.0703125
0 0.68515625 0.64296875 0.0265625 0.0359375
0 0.70703125 0.7984375 0.03125 0.025
0 0.68515625 0.85859375 0.03125 0.03125
0 0.89765625 0.48046875 0.0359375 0.0265625
0 0.98671875 0.521875 0.0265625 0.028125
0 0.93125 0.81640625 0.0265625 0.0265625
0 0.4703125 0.709375 0.0046875 0.009375
0 0.4640625 0.7125 0.0046875 0.009375
