0 0.0046875 0.15 0.0078125 0.025
0 0.0828125 0.33828125 0.0078125 0.0140625
0 0.0515625 0.03359375 0.0328125 0.0203125
0 0.03203125 0.125 0.034375 0.025
0 0.12734375 0.05546875 0.034375 0.025
0 0.2046875 0.08359375 0.034375 0.025
0 0.00859375 0.10625 0.0171875 0.025
0 0.0109375 0.08046875 0.0203125 0.0265625
0 0.35625 0.32421875 0.03125 0.1609375
0 0.0375 0.0984375 0.0359375 0.028125
0 0.21640625 0.0109375 0.0328125 0.0203125
0 0.01875 0.19921875 0.03125 0.0265625
0 0.02578125 0.765625 0.0390625 0.034375
0 0.43671875 0.0140625 0.01875 0.021875
0 0.11484375 0.10625 0.03125 0.025
0 0.2109375 0.05703125 0.0359375 0.0265625
0 0.83671875 0.5125 0.0515625 0.05
0 0.84609375 0.56328125 0.0453125 0.040625
0 0.30859375 0.02109375 0.0203125 0.028125
0 0.1953125 0.1375 0.0375 0.0265625
0 0.02421875 0.1734375 0.0328125 0.0234375
0 0.20234375 0.11015625 0.034375 0.0265625
0 0.046875 0.0578125 0.0328125 0.0234375
0 0.096875 0.9890625 0.0453125 0.01875
0 0.02265625 0.0171875 0.03125 0.0265625
0 0.39921875 0.14296875 0.0203125 0.075
0 0.0125 0.25390625 0.025 0.028125
0 0.0703125 0.4515625 0.0390625 0.0328125
0 0.11328125 0.13359375 0.034375 0.028125
0 0.34296875 0.01640625 0.021875 0.03125
0 0.009375 0.965625 0.0171875 0.0359375
0 0.1390625 0.58828125 0.0484375 0.0359375
0 0.06796875 0.48125 0.0359375 0.0296875
0 0.15234375 0.48359375 0.053125 0.0390625
0 0.36484375 0.19609375 0.0234375 0.0953125
0 0.128125 0.7015625 0.0421875 0.03125
0 0.015625 0.22578125 0.03125 0.0265625
0 0.02265625 0.80859375 0.04375 0.0390625
0 0.26640625 0.56796875 0.03125 0.034375
0 0.19453125 0.16640625 0.0375 0.0265625
0 0.15 0.55390625 0.04375 0.034375
0 0.2328125 0.2109375 0.01875 0.059375
0 0.24375 0.8828125 0.0375 0.0359375
0 0.403125 0.03515625 0.021875 0.06875
0 0.01484375 0.88828125 0.028125 0.034375
0 0.0609375 0.515625 0.0390625 0.03125
0 0.153125 0.51640625 0.0453125 0.034375
0 0.32890625 0.303125 0.0203125 0.0734375
0 0.075 0.415625 0.0390625 0.0328125
0 0.26015625 0.6109375 0.0375 0.034375
0 0.1578125 0.44765625 0.04375 0.0328125
0 0.24453125 0.8375 0.0375 0.034375
0 0.390625 0.32421875 0.0203125 0.075
0 0.3296875 0.1984375 0.0203125 0.0796875
0 0.25546875 0.69375 0.0359375 0.034375
0 0.0578125 0.55078125 0.040625 0.0328125
0 0.1015625 0.18046875 0.034375 0.03125
0 0.25 0.7859375 0.0359375 0.0359375
0 0.26796875 0.52890625 0.0328125 0.0328125
0 0.134375 0.6265625 0.04375 0.0328125
0 0.115625 0.82578125 0.0453125 0.0375
0 0.3359375 0.08828125 0.0203125 0.075
0 0.42890625 0.1015625 0.01875 0.0703125
0 0.42578125 0.28046875 0.021875 0.08125
0 0.1 0.95546875 0.0484375 0.0359375
0 0.83046875 0.4640625 0.046875 0.046875
0 0.3953125 0.228125 0.0203125 0.0765625
0 0.134375 0.665625 0.040625 0.0328125
0 0.3703125 0.10546875 0.0203125 0.0703125
0 0.25546875 0.6515625 0.040625 0.0390625
0 0.046875 0.61640625 0.0453125 0.0359375
0 0.6234375 0.78359375 0.0265625 0.1140625
0 0.3859375 0.4375 0.021875 0.090625
0 0.12109375 0.784375 0.05 0.0390625
0 0.1046875 0.9078125 0.046875 0.0359375
0 0.34609375 0.6484375 0.0296875 0.1390625
0 0.3734375 0.02890625 0.0171875 0.05625
0 0.37578125 0.9046875 0.0234375 0.10625
0 0.3515625 0.4921875 0.021875 0.084375
0 0.88515625 0.9203125 0.05 0.0640625
0 0.25390625 0.7375 0.034375 0.0359375
0 0.1234375 0.7390625 0.059375 0.0390625
0 0.42421875 0.45 0.025 0.1046875
0 0.38515625 0.60703125 0.021875 0.090625
0 0.38125 0.7625 0.0234375 0.1
0 0.11328125 0.865625 0.0484375 0.034375
0 0.30703125 0.74921875 0.025 0.1015625
0 0.3390625 0.85078125 0.0234375 0.10625
0 0.4140625 0.88515625 0.025 0.1078125
0 0.3234375 0.39921875 0.0234375 0.0828125
0 0.42109375 0.67578125 0.0265625 0.1109375
0 0.2953125 0.903125 0.03125 0.1234375
0 0.88046875 0.8640625 0.0453125 0.059375
0 0.87578125 0.80703125 0.053125 0.059375
0 0.89453125 0.9734375 0.0546875 0.053125
0 0.30625 0.59453125 0.028125 0.109375
0 0.85 0.60546875 0.053125 0.0546875
0 0.85625 0.653125 0.0421875 0.0546875
0 0.86484375 0.7546875 0.0484375 0.0546875
0 0.8625 0.70546875 0.0484375 0.059375
0 0.69140625 0.17734375 0.0078125 0.0265625
0 0.6875 0.140625 0.0078125 0.0234375
0 0.68515625 0.10703125 0.0109375 0.021875
0 0.684375 0.07890625 0.0078125 0.0234375
0 0.68046875 0.0515625 0.0078125 0.0265625
0 0.67890625 0.01796875 0.0078125 0.021875
0 0.715625 0.43359375 0.009375 0.03125
0 0.71875 0.47265625 0.0125 0.0296875
0 0.721875 0.51953125 0.0109375 0.03125
0 0.72421875 0.559375 0.0125 0.03125
0 0.72890625 0.60546875 0.0140625 0.0421875
0 0.734375 0.6515625 0.0171875 0.0359375
0 0.73828125 0.7015625 0.0125 0.0359375
0 0.73671875 0.75078125 0.015625 0.0390625
0 0.528125 0.88671875 0.0046875 0.0125
0 0.5140625 0.71640625 0.0078125 0.0265625
0 0.5046875 0.71796875 0.0078125 0.015625
0 0.378125 0.9953125 0.01875 0.009375
0 0.3328125 0.98515625 0.0296875 0.0296875
0 0.30703125 0.00546875 0.021875 0.009375
0 0.11796875 0.0796875 0.0375 0.028125
0 0.0578125 0.00546875 0.025 0.009375
0 0.02578125 0.0046875 0.0296875 0.0078125
0 0.00234375 0.175 0.0046875 0.0171875
0 0.0234375 0.14921875 0.0296875 0.0234375
0 0.21171875 0.03203125 0.0359375 0.0203125
0 0.16796875 0.2859375 0.009375 0.015625
0 0.0578125 0.7640625 0.0078125 0.0140625
0 0.2703125 0.49296875 0.0234375 0.0296875
