0 0.01796875 0.97578125 0.0359375 0.0484375
0 0.08828125 0.96875 0.0453125 0.0625
0 0.1296875 0.98671875 0.034375 0.0265625
0 0.16953125 0.978125 0.0328125 0.04375
0 0.20859375 0.98046875 0.0296875 0.0390625
0 0.2484375 0.971875 0.034375 0.05625
0 0.2859375 0.971875 0.028125 0.05625
0 0.3203125 0.98671875 0.03125 0.0265625
0 0.38515625 0.9765625 0.0328125 0.046875
0 0.42421875 0.9765625 0.03125 0.046875
0 0.47109375 0.98203125 0.03125 0.034375
0 0.53984375 0.9828125 0.03125 0.0328125
0 0.6 0.98203125 0.03125 0.0328125
0 0.721875 0.72265625 0.0359375 0.1328125
0 0.540625 0.70078125 0.034375 0.1265625
0 0.46875 0.69296875 0.0328125 0.128125
0 0.4328125 0.7109375 0.0328125 0.13125
0 0.3921875 0.69453125 0.0359375 0.128125
0 0.35234375 0.696875 0.03125 0.121875
0 0.31875 0.70546875 0.0328125 0.1296875
0 0.28046875 0.70703125 0.03125 0.1328125
0 0.20078125 0.70703125 0.04375 0.1578125
0 0.15703125 0.70546875 0.0359375 0.1234375
0 0.09609375 0.69921875 0.0359375 0.1234375
0 0.05390625 0.703125 0.0453125 0.1328125
0 0.01640625 0.7078125 0.0328125 0.13125
0 0.01640625 0.50859375 0.0328125 0.128125
0 0.05546875 0.51796875 0.04375 0.1078125
0 0.09609375 0.50546875 0.040625 0.1375
0 0.1328125 0.50390625 0.0390625 0.1265625
0 0.16796875 0.51015625 0.040625 0.134375
0 0.20625 0.51953125 0.0328125 0.1296875
0 0.24140625 0.70078125 0.0125 0.05
0 0.24375 0.51328125 0.028125 0.13125
0 0.2828125 0.53125 0.0328125 0.115625
0 0.3203125 0.51875 0.0359375 0.128125
0 0.3578125 0.5109375 0.03125 0.1375
0 0.39609375 0.51015625 0.03125 0.134375
0 0.4390625 0.51328125 0.0328125 0.1140625
0 0.259375 0.596875 0.015625 0.01875
0 0.2578125 0.61796875 0.0125 0.015625
0 0.284375 0.61640625 0.015625 0.0203125
0 0.47109375 0.62265625 0.0125 0.025
0 0.559375 0.63515625 0.0078125 0.0203125
0 0.12578125 0.303125 0.0140625 0.0171875
0 0.1359375 0.32578125 0.021875 0.021875
0 0.0484375 0.28515625 0.0234375 0.0265625
0 0.01875 0.06640625 0.0375 0.13125
0 0.0578125 0.05625 0.0390625 0.1109375
0 0.10078125 0.05546875 0.034375 0.1109375
0 0.16796875 0.05390625 0.0375 0.10625
0 0.20703125 0.05546875 0.0375 0.1109375
0 0.25078125 0.05078125 0.0375 0.1015625
0 0.28984375 0.07265625 0.03125 0.109375
0 0.3453125 0.05546875 0.0328125 0.109375
0 0.4328125 0.0578125 0.0328125 0.115625
0 0.49921875 0.05625 0.0375 0.1125
0 0.54609375 0.0609375 0.03125 0.1203125
0 0.7625 0.17109375 0.040625 0.209375
0 0.6921875 0.18203125 0.03125 0.1265625
0 0.61640625 0.196875 0.034375 0.134375
0 0.575 0.17421875 0.034375 0.18125
0 0.52421875 0.2078125 0.0421875 0.1234375
0 0.46640625 0.19140625 0.0328125 0.1171875
0 0.35546875 0.2015625 0.034375 0.1265625
0 0.26015625 0.2109375 0.0359375 0.1203125
0 0.21484375 0.1890625 0.034375 0.1265625
0 0.17265625 0.190625 0.03125 0.1140625
0 0.13203125 0.190625 0.0390625 0.1171875
0 0.09375 0.22734375 0.0328125 0.1078125
0 0.053125 0.1984375 0.0375 0.134375
0 0.01796875 0.2109375 0.0359375 0.1265625
0 0.3703125 0.340625 0.06875 0.065625
0 0.584375 0.38828125 0.071875 0.078125
0 0.5125 0.51796875 0.0359375 0.1328125
0 0.55703125 0.5109375 0.034375 0.1328125
0 0.603125 0.5265625 0.0359375 0.125
0 0.7234375 0.5171875 0.0359375 0.11875
