0 0.296875 0.16015625 0.0125 0.01875
0 0.30625 0.1421875 0.0078125 0.0140625
0 0.296875 0.13671875 0.009375 0.01875
0 0.4625 0.35234375 0.0078125 0.0203125
0 0.48203125 0.52890625 0.009375 0.021875
0 0.45390625 0.58359375 0.0109375 0.0125
0 0.4265625 0.6453125 0.009375 0.015625
0 0.44375 0.7015625 0.0109375 0.0203125
0 0.5 0.65078125 0.009375 0.0140625
0 0.5265625 0.575 0.0078125 0.0109375
0 0.56015625 0.74375 0.0109375 0.0203125
0 0.57265625 0.7421875 0.0109375 0.01875
0 0.5953125 0.7734375 0.0140625 0.0203125
0 0.4875 0.83203125 0.009375 0.015625
