0 0.33984375 0.9859375 0.00625 0.0125
0 0.3734375 0.77578125 0.00625 0.0078125
0 0.39453125 0.33203125 0.0046875 0.0078125
0 0.36796875 0.79375 0.00625 0.009375
0 0.74921875 0.64609375 0.0078125 0.0109375
0 0.72109375 0.6546875 0.0125 0.009375
0 0.72578125 0.64140625 0.0125 0.0109375
0 0.51875 0.62890625 0.0125 0.0109375
0 0.378125 0.79765625 0.00625 0.0109375
0 0.9390625 0.4546875 0.0078125 0.009375
0 0.51875 0.6421875 0.0125 0.009375
0 0.340625 0.6296875 0.0125 0.009375
0 0.58515625 0.43984375 0.0078125 0.0109375
0 0.3640625 0.821875 0.00625 0.009375
0 0.4421875 0.65078125 0.009375 0.0078125
0 0.86640625 0.6984375 0.0125 0.0125
0 0.7390625 0.6625 0.0125 0.009375
0 0.9125 0.72421875 0.0125 0.0109375
0 0.2890625 0.66953125 0.0125 0.0109375
0 0.40703125 0.65546875 0.0125 0.0078125
0 0.5328125 0.584375 0.0125 0.0125
0 0.52265625 0.603125 0.0140625 0.0125
0 0.64140625 0.4609375 0.0078125 0.0125
0 0.6421875 0.63515625 0.015625 0.0140625
0 0.34453125 0.653125 0.0140625 0.0125
0 0.0578125 0.61328125 0.046875 0.0328125
0 0.7875 0.60703125 0.04375 0.0328125
