0 0.39921875 0.48359375 0.0359375 0.040625
0 0.35859375 0.4625 0.0359375 0.0546875
0 0.8484375 0.0953125 0.0375 0.04375
0 0.3203125 0.1 0.053125 0.0515625
0 0.896875 0.08984375 0.04375 0.0546875
0 0.71875 0.628125 0.03125 0.0375
0 0.78828125 0.54609375 0.0390625 0.0296875
0 0.82265625 0.615625 0.0265625 0.046875
0 0.75625 0.6875 0.040625 0.03125
0 0.3890625 0.57734375 0.034375 0.0328125
0 0.35546875 0.5171875 0.0296875 0.0359375
0 0.3015625 0.23359375 0.053125 0.040625
0 0.7546875 0.1828125 0.046875 0.0484375
0 0.790625 0.1859375 0.034375 0.04375
0 0.7921875 0.11015625 0.03125 0.040625
0 0.82421875 0.078125 0.0390625 0.0515625
