0 0.515625 0.19609375 0.0546875 0.128125
0 0.753125 0.66796875 0.075 0.1203125
0 0.33828125 0.58671875 0.059375 0.0953125
0 0.42109375 0.67421875 0.0703125 0.1140625
0 0.3734375 0.72421875 0.06875 0.10625
0 0.4515625 0.821875 0.059375 0.096875
0 0.53984375 0.840625 0.0640625 0.103125
0 0.5140625 0.93046875 0.0625 0.1
0 0.57890625 0.97421875 0.05 0.0515625
0 0.47890625 0.984375 0.04375 0.03125
0 0.30234375 0.85078125 0.0640625 0.1046875
0 0.3890625 0.9703125 0.0484375 0.059375
0 0.21875 0.7890625 0.025 0.03125
0 0.1953125 0.7359375 0.025 0.0359375
0 0.2140625 0.721875 0.025 0.0359375
0 0.22890625 0.7046875 0.01875 0.046875
0 0.25546875 0.6859375 0.025 0.028125
0 0.32578125 0.740625 0.021875 0.03125
0 0.240625 0.6328125 0.0234375 0.0421875
0 0.2515625 0.5796875 0.0234375 0.0296875
0 0.25859375 0.559375 0.0234375 0.0359375
0 0.27265625 0.54609375 0.025 0.0359375
0 0.3109375 0.4859375 0.0234375 0.0359375
