0 0.79375 0.44765625 0.03125 0.0640625
0 0.753125 0.446875 0.0296875 0.0640625
0 0.5921875 0.46015625 0.0234375 0.05
0 0.6359375 0.45390625 0.028125 0.05625
0 0.70234375 0.4515625 0.0265625 0.05625
0 0.73046875 0.44609375 0.028125 0.0578125
0 0.46953125 0.31328125 0.034375 0.0265625
0 0.4515625 0.7984375 0.0171875 0.06875
0 0.21328125 0.48828125 0.0171875 0.059375
0 0.46953125 0.37734375 0.03125 0.025
0 0.7859375 0.55703125 0.015625 0.05625
0 0.615625 0.45234375 0.0234375 0.0484375
0 0.1671875 0.6015625 0.0140625 0.059375
0 0.075 0.49765625 0.0140625 0.0578125
0 0.06953125 0.6140625 0.0140625 0.046875
0 0.1140625 0.60703125 0.015625 0.05625
0 0.09296875 0.4953125 0.0140625 0.059375
0 0.6875 0.565625 0.0140625 0.053125
0 0.234375 0.5984375 0.015625 0.0609375
0 0.0078125 0.503125 0.015625 0.0609375
0 0.471875 0.0578125 0.0296875 0.0265625
0 0.453125 0.71875 0.0140625 0.059375
0 0.0546875 0.49609375 0.0203125 0.0703125
0 0.26171875 0.484375 0.0140625 0.0546875
0 0.38359375 0.4734375 0.0125 0.053125
0 0.4734375 0.028125 0.03125 0.025
0 0.64765625 0.5671875 0.015625 0.0625
0 0.66640625 0.565625 0.0140625 0.05625
0 0.65625 0.4515625 0.01875 0.0453125
0 0.47265625 0.09296875 0.0296875 0.0265625
0 0.746875 0.5578125 0.0140625 0.059375
0 0.315625 0.59453125 0.015625 0.05625
0 0.4671875 0.3453125 0.0296875 0.0234375
0 0.4484375 0.95234375 0.0140625 0.0625
0 0.83671875 0.55703125 0.0140625 0.05625
0 0.1296875 0.603125 0.0140625 0.0515625
0 0.5109375 0.7765625 0.0359375 0.028125
0 0.14375 0.49296875 0.0140625 0.0609375
0 0.33125 0.5953125 0.0140625 0.05
0 0.2796875 0.5984375 0.0140625 0.0546875
0 0.296875 0.59453125 0.015625 0.059375
0 0.4703125 0.240625 0.034375 0.028125
0 0.53359375 0.13828125 0.0125 0.0515625
0 0.1484375 0.60078125 0.0140625 0.053125
0 0.1984375 0.60078125 0.0140625 0.059375
0 0.82109375 0.55703125 0.015625 0.059375
0 0.3109375 0.47890625 0.015625 0.0515625
0 0.62734375 0.56640625 0.0140625 0.05625
0 0.4703125 0.2765625 0.0328125 0.0265625
0 0.4046875 0.584375 0.015625 0.05625
0 0.29140625 0.48046875 0.0140625 0.053125
0 0.26328125 0.596875 0.0140625 0.053125
0 0.16171875 0.490625 0.015625 0.05625
0 0.46640625 0.98125 0.0125 0.0359375
0 0.47265625 0.1296875 0.03125 0.0265625
0 0.10859375 0.490625 0.015625 0.0703125
0 0.8046875 0.559375 0.0140625 0.0546875
0 0.3296875 0.47578125 0.0125 0.046875
0 0.215625 0.6046875 0.0140625 0.046875
0 0.5078125 0.89921875 0.034375 0.0265625
0 0.34609375 0.47421875 0.0140625 0.05625
0 0.24375 0.48359375 0.015625 0.0515625
0 0.58984375 0.56171875 0.0171875 0.0640625
0 0.3640625 0.47421875 0.0171875 0.065625
0 0.53515625 0.071875 0.0109375 0.0515625
0 0.3671875 0.58828125 0.0125 0.046875
0 0.003125 0.61171875 0.00625 0.0625
0 0.60859375 0.56015625 0.0125 0.046875
0 0.47265625 0.20625 0.03125 0.0265625
0 0.5375 0.01796875 0.0109375 0.034375
0 0.7296875 0.565625 0.0140625 0.0578125
0 0.509375 0.86171875 0.034375 0.0265625
0 0.3484375 0.596875 0.0125 0.040625
0 0.47421875 0.00625 0.03125 0.0125
0 0.565625 0.1265625 0.0046875 0.0140625
0 0.471875 0.1609375 0.03125 0.0234375
0 0.821875 0.07890625 0.0046875 0.01875
0 0.03984375 0.5015625 0.0125 0.0578125
0 0.2296875 0.4796875 0.0125 0.0390625
0 0.51484375 0.68359375 0.0359375 0.03125
0 0.51328125 0.71640625 0.034375 0.0265625
0 0.5109375 0.74765625 0.03125 0.028125
0 0.54921875 0.69765625 0.0046875 0.0125
0 0.5625 0.70234375 0.0046875 0.0109375
0 0.509375 0.934375 0.0375 0.0296875
0 0.51171875 0.971875 0.0359375 0.0296875
0 0.5578125 0.946875 0.0046875 0.0203125
