0 0.35078125 0.0953125 0.0265625 0.071875
0 0.32734375 0.11484375 0.0078125 0.0296875
0 0.2828125 0.11953125 0.0078125 0.0234375
0 0.75390625 0.67109375 0.0140625 0.0171875
0 0.6984375 0.6765625 0.078125 0.1
0 0.36953125 0.02265625 0.0203125 0.0421875
0 0.0515625 0.8703125 0.0453125 0.065625
0 0.43671875 0.10625 0.0171875 0.05
0 0.31484375 0.0234375 0.015625 0.034375
0 0.35078125 0.0953125 0.0265625 0.075
0 0.40703125 0.271875 0.01875 0.053125
0 0.3359375 0.03984375 0.0234375 0.0546875
0 0.59296875 0.57890625 0.034375 0.0453125
0 0.625 0.6671875 0.06875 0.08125
0 0.9171875 0.90546875 0.1421875 0.1703125
0 0.53203125 0.40234375 0.0234375 0.0328125
