0 0.14140625 0.96640625 0.075 0.0671875
0 0.28203125 0.9640625 0.053125 0.071875
0 0.8296875 0.72265625 0.05 0.0828125
0 0.62890625 0.28515625 0.065625 0.1171875
0 0.65 0.09296875 0.053125 0.0984375
0 0.73125 0.140625 0.053125 0.096875
0 0.57421875 0.43125 0.0609375 0.109375
0 0.403125 0.73359375 0.0625 0.1109375
0 0.371875 0.61171875 0.0578125 0.1
0 0.328125 0.85234375 0.059375 0.10625
0 0.490625 0.5265625 0.0546875 0.096875
0 0.5203125 0.55234375 0.0578125 0.10625
0 0.47265625 0.659375 0.05625 0.1015625
0 0.50625 0.403125 0.0578125 0.103125
0 0.6609375 0.39921875 0.0078125 0.0140625
