0 0.31328125 0.840625 0.0125 0.0265625
0 0.6734375 0.640625 0.0203125 0.021875
0 0.525 0.5578125 0.0109375 0.025
0 0.209375 0.8734375 0.0140625 0.021875
0 0.571875 0.58125 0.0140625 0.0265625
0 0.61953125 0.69765625 0.0109375 0.0234375
0 0.409375 0.8359375 0.0125 0.025
0 0.74921875 0.6546875 0.0125 0.021875
0 0.44140625 0.79140625 0.0125 0.0265625
0 0.35625 0.52734375 0.0234375 0.0265625
0 0.51953125 0.39921875 0.0109375 0.025
0 0.59921875 0.7359375 0.0125 0.0203125
0 0.62265625 0.21796875 0.0125 0.0265625
0 0.4765625 0.6359375 0.0125 0.01875
0 0.68984375 0.58046875 0.0140625 0.01875
0 0.41171875 0.79609375 0.0125 0.028125
0 0.6625 0.45703125 0.0171875 0.01875
0 0.39765625 0.346875 0.0125 0.0203125
0 0.4359375 0.63828125 0.0109375 0.0265625
0 0.4359375 0.3484375 0.0140625 0.021875
0 0.37734375 0.378125 0.0125 0.0234375
0 0.79140625 0.54296875 0.0171875 0.021875
0 0.4921875 0.4390625 0.0171875 0.025
0 0.42890625 0.90546875 0.0140625 0.0265625
0 0.53515625 0.2546875 0.0171875 0.0328125
0 0.61875 0.51796875 0.0203125 0.0203125
0 0.18125 0.7765625 0.0171875 0.028125
0 0.325 0.25859375 0.015625 0.025
0 0.31484375 0.68828125 0.015625 0.03125
0 0.0921875 0.9578125 0.021875 0.0359375
0 0.1734375 0.81953125 0.021875 0.0296875
0 0.23046875 0.86015625 0.0125 0.025
0 0.271875 0.703125 0.0140625 0.021875
0 0.25625 0.70078125 0.0125 0.0234375
0 0.18828125 0.478125 0.028125 0.01875
0 0.159375 0.48671875 0.0140625 0.01875
0 0.44296875 0.84453125 0.0171875 0.0390625
0 0.51015625 0.9484375 0.0125 0.0234375
0 0.5875 0.70625 0.0078125 0.025
0 0.578125 0.52578125 0.009375 0.01875
0 0.5515625 0.52421875 0.0125 0.0203125
0 0.5828125 0.471875 0.0109375 0.01875
0 0.67265625 0.5390625 0.015625 0.021875
0 0.6875 0.5296875 0.0140625 0.0171875
0 0.5484375 0.98515625 0.0109375 0.0296875
0 0.57109375 0.43828125 0.0125 0.01875
0 0.57734375 0.425 0.0125 0.0234375
0 0.63515625 0.21640625 0.0125 0.0234375
