0 0.9234375 0.9078125 0.0265625 0.0203125
0 0.57265625 0.75625 0.0109375 0.028125
0 0.534375 0.796875 0.0140625 0.0234375
0 0.39921875 0.58046875 0.0125 0.0234375
0 0.315625 0.94296875 0.015625 0.04375
0 0.30859375 0.915625 0.015625 0.0296875
0 0.2828125 0.7859375 0.015625 0.0234375
0 0.27890625 0.79921875 0.015625 0.0203125
0 0.265625 0.81796875 0.0109375 0.0203125
0 0.2453125 0.79296875 0.015625 0.0375
0 0.0234375 0.88203125 0.0203125 0.0375
0 0.01640625 0.86640625 0.021875 0.0375
0 0.01484375 0.72734375 0.0265625 0.03125
0 0.153125 0.134375 0.03125 0.040625
0 0.11171875 0.0453125 0.01875 0.034375
0 0.09609375 0.1015625 0.028125 0.0234375
0 0.38046875 0.12421875 0.0140625 0.01875
0 0.78046875 0.21171875 0.015625 0.0234375
0 0.775 0.2 0.0125 0.021875
0 0.76328125 0.284375 0.0125 0.01875
0 0.48203125 0.571875 0.0125 0.0234375
