0 0.8 0.61328125 0.0125 0.0109375
0 0.70234375 0.39453125 0.00625 0.0109375
0 0.48125 0.7203125 0.00625 0.009375
0 0.56171875 0.88203125 0.00625 0.0109375
0 0.3984375 0.63046875 0.0125 0.0078125
0 0.84140625 0.659375 0.0078125 0.0125
0 0.8765625 0.684375 0.009375 0.0125
0 0.79921875 0.6296875 0.0140625 0.009375
0 0.75234375 0.63671875 0.0125 0.0109375
0 0.95390625 0.621875 0.015625 0.009375
0 0.7484375 0.5703125 0.0390625 0.03125
0 0.6078125 0.57109375 0.0421875 0.0296875
0 0.85625 0.43203125 0.0125 0.0109375
0 0.86015625 0.44453125 0.0109375 0.0109375
0 0.56875 0.87578125 0.0046875 0.0078125
0 0.57265625 0.86875 0.0046875 0.009375
