0 0.6203125 0.7 0.075 0.115625
0 0.3984375 0.37421875 0.06875 0.121875
0 0.21953125 0.7625 0.0109375 0.01875
0 0.29296875 0.72734375 0.0125 0.01875
0 0.14921875 0.4 0.015625 0.0125
0 0.14921875 0.3875 0.0140625 0.0109375
0 0.14140625 0.378125 0.009375 0.0140625
0 0.1421875 0.3640625 0.0078125 0.021875
0 0.14375 0.346875 0.0109375 0.0140625
0 0.33515625 0.72578125 0.0109375 0.015625
0 0.4671875 0.7765625 0.0125 0.015625
0 0.3171875 0.88828125 0.0125 0.0171875
0 0.83515625 0.78671875 0.0140625 0.0234375
