0 0.1296875 0.984375 0.040625 0.028125
0 0.70078125 0.02890625 0.0375 0.0546875
0 0.19375 0.96796875 0.0359375 0.0625
0 0.6953125 0.546875 0.0453125 0.1453125
0 0.59375 0.95703125 0.0328125 0.08125
0 0.1875 0.1609375 0.0421875 0.1703125
0 0.6078125 0.8046875 0.0375 0.121875
0 0.6625 0.93515625 0.0390625 0.1234375
0 0.67734375 0.74921875 0.0390625 0.140625
0 0.678125 0.19296875 0.04375 0.128125
0 0.715625 0.3421875 0.0421875 0.140625
0 0.6671875 0.353125 0.040625 0.1359375
0 0.41796875 0.2671875 0.0375 0.1625
0 0.196875 0.653125 0.040625 0.15625
0 0.18203125 0.41015625 0.0390625 0.153125
0 0.3484375 0.0734375 0.0390625 0.14375
0 0.415625 0.74296875 0.034375 0.1515625
0 0.1234375 0.12265625 0.04375 0.1578125
0 0.6296875 0.6109375 0.0421875 0.134375
0 0.12890625 0.70859375 0.0421875 0.153125
0 0.7421875 0.1171875 0.046875 0.14375
0 0.1890625 0.015625 0.0453125 0.0296875
