0 0.00703125 0.8890625 0.0140625 0.05
0 0.33984375 0.671875 0.015625 0.0203125
0 0.70546875 0.98515625 0.03125 0.028125
0 0.01953125 0.93125 0.0390625 0.0765625
0 0.01015625 0.75703125 0.0203125 0.05
0 0.80390625 0.01640625 0.028125 0.03125
0 0.01796875 0.79453125 0.0359375 0.0578125
0 0.22734375 0.81484375 0.025 0.0640625
0 0.6203125 0.48984375 0.0234375 0.0953125
0 0.1953125 0.72578125 0.0375 0.0546875
0 0.1484375 0.778125 0.034375 0.05
0 0.67578125 0.7390625 0.0484375 0.09375
0 0.11328125 0.82421875 0.0375 0.0515625
0 0.36953125 0.21796875 0.0375 0.053125
0 0.0765625 0.9171875 0.0421875 0.0609375
0 0.1265625 0.74609375 0.0390625 0.053125
0 0.696875 0.16484375 0.028125 0.0609375
0 0.59453125 0.553125 0.0234375 0.0703125
0 0.2859375 0.678125 0.0625 0.0828125
0 0.2796875 0.571875 0.0390625 0.0515625
0 0.76796875 0.07890625 0.034375 0.05625
0 0.415625 0.15859375 0.0328125 0.0484375
0 0.08359375 0.5484375 0.034375 0.0484375
0 0.0671875 0.87421875 0.04375 0.05625
0 0.290625 0.6125 0.040625 0.0625
0 0.0421875 0.84453125 0.0390625 0.05625
0 0.22578125 0.74375 0.0421875 0.0609375
0 0.2390625 0.6734375 0.040625 0.05625
0 0.16953125 0.453125 0.0375 0.053125
0 0.1859375 0.67578125 0.040625 0.05625
0 0.73203125 0.853125 0.040625 0.06875
0 0.23359375 0.625 0.0375 0.0515625
0 0.790625 0.7 0.046875 0.0546875
0 0.08359375 0.7984375 0.040625 0.0546875
0 0.13984375 0.8453125 0.04375 0.0609375
0 0.6796875 0.828125 0.0390625 0.0703125
0 0.4390625 0.57890625 0.0078125 0.0109375
0 0.44453125 0.5859375 0.0078125 0.009375
0 0.47890625 0.5578125 0.0078125 0.0125
0 0.74921875 0.2109375 0.0109375 0.01875
0 0.75390625 0.215625 0.0125 0.015625
0 0.690625 0.309375 0.0109375 0.0234375
0 0.45703125 0.58671875 0.0078125 0.0109375
0 0.45234375 0.56953125 0.00625 0.0109375
0 0.56484375 0.4046875 0.0125 0.01875
