0 0.19140625 0.39609375 0.0265625 0.0703125
0 0.3328125 0.6328125 0.040625 0.04375
0 0.815625 0.95625 0.04375 0.05
0 0.81796875 0.85234375 0.0421875 0.0515625
0 0.91484375 0.921875 0.040625 0.046875
0 0.7734375 0.06171875 0.0421875 0.0515625
0 0.6078125 0.81875 0.0078125 0.025
0 0.54375 0.6640625 0.0078125 0.025
0 0.45546875 0.72578125 0.0078125 0.0234375
0 0.49921875 0.6375 0.0078125 0.025
0 0.51875 0.6046875 0.0078125 0.025
0 0.5140625 0.59765625 0.0078125 0.0265625
0 0.4796875 0.6171875 0.0078125 0.025
0 0.4625 0.6109375 0.0109375 0.021875
0 0.440625 0.6015625 0.0078125 0.025
0 0.41640625 0.58828125 0.0078125 0.0234375
0 0.46015625 0.56953125 0.009375 0.0203125
0 0.44765625 0.559375 0.00625 0.01875
0 0.43515625 0.55234375 0.009375 0.0203125
0 0.43046875 0.5453125 0.0078125 0.021875
0 0.425 0.5421875 0.0078125 0.021875
0 0.41875 0.53984375 0.0078125 0.0234375
0 0.29453125 0.53984375 0.0140625 0.0203125
0 0.3796875 0.553125 0.0046875 0.01875
0 0.346875 0.5328125 0.0046875 0.021875
0 0.32578125 0.51171875 0.0078125 0.0234375
0 0.31015625 0.50625 0.0078125 0.021875
0 0.3015625 0.4984375 0.009375 0.021875
0 0.2953125 0.4875 0.009375 0.01875
