0 0.99609375 0.3375 0.0078125 0.01875
0 0.83828125 0.36640625 0.0421875 0.03125
0 0.55234375 0.28828125 0.0328125 0.0359375
0 0.74765625 0.34296875 0.0234375 0.0234375
0 0.82109375 0.7109375 0.0484375 0.0578125
0 0.83125 0.31171875 0.0234375 0.0296875
0 0.9265625 0.2859375 0.0328125 0.03125
0 0.57109375 0.2421875 0.0234375 0.0328125
0 0.78203125 0.44921875 0.028125 0.03125
0 0.753125 0.50625 0.03125 0.0390625
0 0.90625 0.34453125 0.03125 0.0296875
0 0.7015625 0.309375 0.028125 0.0359375
0 0.56171875 0.19765625 0.0203125 0.03125
0 0.0328125 0.478125 0.0640625 0.034375
0 0.7734375 0.29609375 0.034375 0.034375
0 0.50703125 0.30625 0.03125 0.0359375
0 0.39609375 0.3078125 0.0328125 0.034375
0 0.15625 0.33828125 0.0453125 0.0375
0 0.14609375 0.3828125 0.05625 0.0328125
0 0.55546875 0.3859375 0.0359375 0.0375
0 0.42890625 0.28125 0.0390625 0.0359375
0 0.06640625 0.209375 0.04375 0.040625
0 0.35859375 0.34609375 0.0265625 0.0328125
0 0.665625 0.42265625 0.025 0.0359375
0 0.3609375 0.42265625 0.0296875 0.0390625
0 0.184375 0.29765625 0.0578125 0.0390625
0 0.67734375 0.35625 0.0375 0.028125
0 0.78125 0.4125 0.03125 0.034375
0 0.28515625 0.33203125 0.0375 0.0328125
0 0.17734375 0.4453125 0.0546875 0.0328125
0 0.103125 0.3375 0.04375 0.0359375
