0 0.9109375 0.9078125 0.015625 0.01875
0 0.29609375 0.8 0.0140625 0.0203125
0 0.9890625 0.7265625 0.021875 0.08125
0 0.325 0.79765625 0.0109375 0.01875
0 0.3 0.8015625 0.0109375 0.0234375
0 0.29453125 0.828125 0.0109375 0.021875
0 0.7578125 0.9875 0.015625 0.0234375
0 0.9953125 0.47734375 0.009375 0.0625
0 0.290625 0.80078125 0.009375 0.01875
0 0.2859375 0.828125 0.0109375 0.0234375
0 0.33515625 0.78359375 0.0125 0.0234375
0 0.3171875 0.78359375 0.0125 0.034375
0 0.89609375 0.90078125 0.0234375 0.0234375
0 0.39921875 0.96953125 0.0140625 0.025
0 0.3109375 0.32890625 0.0125 0.01875
0 0.00625 0.74375 0.0125 0.0578125
0 0.41328125 0.584375 0.2375 0.09375
0 0.26640625 0.83515625 0.01875 0.028125
0 0.328125 0.9 0.0140625 0.03125
0 0.8328125 0.9421875 0.01875 0.025
0 0.928125 0.9 0.0203125 0.025
0 0.8046875 0.6109375 0.1671875 0.090625
0 0.4609375 0.02109375 0.0359375 0.040625
0 0.12421875 0.60234375 0.0984375 0.0640625
0 0.40546875 0.05 0.0359375 0.0984375
0 0.6921875 0.44453125 0.078125 0.059375
0 0.15390625 0.4859375 0.096875 0.0609375
0 0.16015625 0.85078125 0.0734375 0.1453125
0 0.45703125 0.7359375 0.0890625 0.065625
0 0.8921875 0.45546875 0.0828125 0.0578125
0 0.04140625 0.8484375 0.071875 0.134375
0 0.09453125 0.83515625 0.0796875 0.146875
0 0.1421875 0.72109375 0.0875 0.0625
0 0.49453125 0.45859375 0.0796875 0.059375
