0 0.0046875 0.39609375 0.0078125 0.0609375
0 0.5671875 0.09453125 0.0203125 0.0421875
0 0.6546875 0.78828125 0.021875 0.0703125
0 0.61796875 0.45390625 0.021875 0.0640625
0 0.05703125 0.2640625 0.0296875 0.0546875
0 0.1171875 0.3078125 0.03125 0.0453125
0 0.0375 0.40390625 0.0375 0.05625
0 0.5046875 0.20703125 0.0203125 0.0546875
0 0.47265625 0.05078125 0.021875 0.0546875
0 0.9140625 0.2984375 0.0375 0.046875
0 0.53125 0.23359375 0.0203125 0.053125
0 0.5984375 0.68828125 0.0203125 0.0734375
0 0.196875 0.23515625 0.034375 0.040625
