0 0.9765625 0.00859375 0.01875 0.0171875
0 0.99453125 0.03359375 0.0109375 0.0609375
0 0.51484375 0.00859375 0.0171875 0.0171875
0 0.57890625 0.66953125 0.0203125 0.0671875
0 0.57265625 0.31171875 0.025 0.0578125
0 0.5453125 0.56328125 0.0203125 0.0640625
0 0.46171875 0.2109375 0.021875 0.065625
0 0.515625 0.36484375 0.0234375 0.0625
0 0.0203125 0.4015625 0.03125 0.0578125
0 0.62109375 0.60078125 0.0234375 0.0625
0 0.1265625 0.3765625 0.0359375 0.0453125
0 0.0390625 0.48203125 0.0359375 0.0515625
0 0.81953125 0.2953125 0.0375 0.04375
0 0.65390625 0.9109375 0.0234375 0.0796875
0 0.6796875 0.86875 0.025 0.084375
