0 0.046875 0.19765625 0.03125 0.11875
0 0.11328125 0.05703125 0.0359375 0.1078125
0 0.6640625 0.053125 0.0296875 0.10625
0 0.509375 0.0578125 0.0296875 0.115625
0 0.04609375 0.6015625 0.0328125 0.115625
0 0.8359375 0.05234375 0.0359375 0.1046875
0 0.40234375 0.05234375 0.028125 0.103125
0 0.62421875 0.05390625 0.03125 0.1046875
0 0.47421875 0.06015625 0.03125 0.11875
0 0.29296875 0.46953125 0.0296875 0.1203125
0 0.8921875 0.04921875 0.0328125 0.096875
0 0.54765625 0.4671875 0.0296875 0.1296875
0 0.6984375 0.45703125 0.0328125 0.1328125
0 0.77578125 0.0609375 0.0328125 0.121875
0 0.14921875 0.4921875 0.03125 0.1171875
0 0.365625 0.4609375 0.0296875 0.121875
0 0.0453125 0.06171875 0.034375 0.121875
0 0.403125 0.4796875 0.028125 0.1234375
0 0.54609375 0.05625 0.0296875 0.1125
0 0.96875 0.05078125 0.0359375 0.1015625
0 0.3296875 0.06484375 0.03125 0.1296875
0 0.77890625 0.45859375 0.034375 0.13125
0 0.93125 0.4625 0.0375 0.125
