0 0.21484375 0.41484375 0.0078125 0.0078125
0 0.36796875 0.6421875 0.015625 0.009375
0 0.97578125 0.38671875 0.0125 0.0109375
0 0.71015625 0.62421875 0.0125 0.0109375
0 0.79609375 0.6828125 0.0125 0.0125
0 0.24609375 0.84296875 0.0109375 0.0140625
0 0.79453125 0.64765625 0.009375 0.0109375
0 0.42265625 0.62109375 0.0140625 0.0109375
0 0.0515625 0.72734375 0.0140625 0.0109375
0 0.7578125 0.46328125 0.0140625 0.0109375
0 0.17578125 0.60703125 0.0421875 0.0328125
0 0.91171875 0.678125 0.0140625 0.0125
0 0.9109375 0.6625 0.0140625 0.009375
