0 0.20859375 0.29453125 0.009375 0.0203125
0 0.034375 0.3578125 0.0078125 0.0078125
0 0.0375 0.36875 0.003125 0.0046875
0 0.04296875 0.36953125 0.009375 0.00625
0 0.12109375 0.23515625 0.0078125 0.0078125
0 0.12578125 0.23046875 0.009375 0.0078125
0 0.14453125 0.20390625 0.0046875 0.00625
0 0.1484375 0.1984375 0.0046875 0.0078125
0 0.15078125 0.19375 0.003125 0.00625
0 0.15390625 0.19140625 0.0046875 0.00625
0 0.17578125 0.29296875 0.00625 0.009375
0 0.3421875 0.04296875 0.0046875 0.009375
0 0.35 0.04453125 0.0046875 0.009375
0 0.2265625 0.084375 0.00625 0.009375
0 0.19375 0.80703125 0.00625 0.009375
0 0.14296875 0.73359375 0.00625 0.0078125
0 0.153125 0.67265625 0.00625 0.00625
0 0.184375 0.7140625 0.0046875 0.0078125
0 0.19765625 0.65078125 0.0046875 0.00625
0 0.20234375 0.66484375 0.00625 0.0078125
0 0.146875 0.61328125 0.0046875 0.0046875
0 0.14375 0.6640625 0.0046875 0.0046875
0 0.26953125 0.8859375 0.0046875 0.0140625
0 0.5859375 0.88984375 0.00625 0.0078125
0 0.65078125 0.88828125 0.009375 0.0125
0 0.80625 0.703125 0.00625 0.0078125
0 0.8078125 0.69609375 0.003125 0.003125
0 0.8046875 0.68984375 0.00625 0.009375
0 0.79453125 0.68125 0.0046875 0.0078125
0 0.7375 0.5828125 0.0078125 0.0078125
0 0.7609375 0.55234375 0.0046875 0.00625
0 0.76171875 0.509375 0.0046875 0.0046875
0 0.75859375 0.503125 0.0046875 0.0046875
0 0.74453125 0.48515625 0.003125 0.0046875
0 0.7296875 0.4859375 0.0046875 0.00625
0 0.73125 0.4703125 0.0046875 0.003125
0 0.75859375 0.465625 0.0078125 0.00625
0 0.77265625 0.49453125 0.00625 0.0078125
0 0.78125 0.48359375 0.0046875 0.00625
0 0.8515625 0.44765625 0.0046875 0.003125
0 0.8890625 0.49453125 0.0078125 0.00625
0 0.909375 0.49921875 0.0078125 0.0046875
0 0.91328125 0.47421875 0.00625 0.0046875
0 0.9234375 0.47578125 0.009375 0.00625
0 0.99765625 0.4828125 0.0046875 0.00625
0 0.99765625 0.48984375 0.0046875 0.0046875
0 0.6640625 0.09921875 0.00625 0.009375
0 0.7796875 0.39453125 0.0078125 0.00625
0 0.525 0.67265625 0.003125 0.00625
0 0.50546875 0.55859375 0.003125 0.0046875
0 0.5265625 0.47109375 0.003125 0.00625
0 0.5375 0.48671875 0.003125 0.009375
0 0.540625 0.47265625 0.0046875 0.0078125
0 0.503125 0.4265625 0.003125 0.0046875
0 0.50078125 0.41953125 0.0046875 0.0046875
0 0.4984375 0.41171875 0.003125 0.00625
0 0.5328125 0.40546875 0.0046875 0.00625
0 0.53203125 0.39765625 0.0046875 0.0046875
0 0.55234375 0.4109375 0.003125 0.0046875
0 0.621875 0.52265625 0.003125 0.0078125
0 0.384375 0.4109375 0.0046875 0.00625
0 0.39296875 0.43359375 0.003125 0.0046875
0 0.40234375 0.41171875 0.003125 0.00625
0 0.4015625 0.41640625 0.003125 0.00625
