0 0.384375 0.846875 0.0078125 0.015625
0 0.55625 0.4546875 0.00625 0.009375
0 0.4328125 0.67734375 0.0140625 0.0078125
0 0.38359375 0.865625 0.0078125 0.0125
0 0.275 0.81328125 0.0078125 0.0109375
0 0.3765625 0.8328125 0.0078125 0.0125
0 0.60078125 0.71484375 0.0140625 0.0109375
0 0.5328125 0.8015625 0.0078125 0.0125
0 0.3203125 0.54375 0.046875 0.040625
0 0.88671875 0.66484375 0.0421875 0.0359375
0 0.1921875 0.54140625 0.040625 0.0359375
0 0.71328125 0.4734375 0.0078125 0.009375
0 0.68203125 0.61171875 0.009375 0.0140625
0 0.6765625 0.596875 0.0078125 0.009375
