0 0.52109375 0.68359375 0.025 0.25625
0 0.48984375 0.6875 0.0265625 0.2625
0 0.76640625 0.62578125 0.0265625 0.115625
0 0.590625 0.603125 0.025 0.1296875
0 0.96328125 0.33203125 0.0421875 0.1515625
0 0.10234375 0.61484375 0.0296875 0.1078125
0 0.42109375 0.16171875 0.0265625 0.275
0 0.6328125 0.6046875 0.0234375 0.115625
0 0.7453125 0.08828125 0.028125 0.1078125
0 0.66171875 0.60078125 0.025 0.11875
0 0.5375 0.16171875 0.025 0.2734375
0 0.6921875 0.10859375 0.028125 0.1515625
0 0.265625 0.15 0.03125 0.26875
0 0.4515625 0.678125 0.0265625 0.2703125
0 0.95390625 0.1 0.0359375 0.11875
0 0.72578125 0.628125 0.03125 0.153125
0 0.27890625 0.75703125 0.025 0.0984375
0 0.3546875 0.690625 0.03125 0.26875
0 0.6453125 0.20625 0.0265625 0.1578125
0 0.8484375 0.0984375 0.028125 0.1171875
0 0.796875 0.6265625 0.0265625 0.1109375
0 0.89921875 0.09921875 0.0375 0.11875
0 0.475 0.15546875 0.0265625 0.2765625
0 0.20234375 0.67421875 0.0359375 0.2625
0 0.31484375 0.7140625 0.0328125 0.2578125
0 0.553125 0.665625 0.0265625 0.2640625
0 0.7984375 0.096875 0.028125 0.125
0 0.57578125 0.3578125 0.059375 0.2578125
0 0.09609375 0.509375 0.0828125 0.240625
0 0.4140625 0.67265625 0.028125 0.271875
0 0.03671875 0.66796875 0.04375 0.2484375
