0 0.0234375 0.1671875 0.0375 0.0640625
0 0.05703125 0.140625 0.0328125 0.0671875
0 0.56796875 0.01328125 0.0390625 0.025
0 0.1328125 0.06796875 0.0328125 0.0703125
0 0.040625 0.00859375 0.0234375 0.0171875
0 0.10078125 0.0875 0.0296875 0.0640625
0 0.178125 0.03203125 0.0328125 0.0640625
0 0.01328125 0.01875 0.025 0.0375
0 0.1546875 0.0453125 0.0328125 0.0625
0 0.23671875 0.0078125 0.01875 0.015625
0 0.2140625 0.015625 0.0234375 0.03125
0 0.9859375 0.09765625 0.028125 0.0375
0 0.66015625 0.39765625 0.0078125 0.0171875
