0 0.43984375 0.36171875 0.0453125 0.2125
0 0.63046875 0.98359375 0.0328125 0.0328125
0 0.7265625 0.7421875 0.0671875 0.321875
0 0.4015625 0.87421875 0.0390625 0.1359375
0 0.61640625 0.065625 0.0234375 0.0640625
0 0.43125 0.134375 0.025 0.075
0 0.65703125 0.27578125 0.0265625 0.0859375
0 0.6640625 0.5796875 0.028125 0.1015625
0 0.615625 0.2734375 0.0234375 0.0734375
0 0.6171875 0.58828125 0.0296875 0.121875
0 0.38515625 0.340625 0.03125 0.0890625
0 0.70390625 0.3953125 0.028125 0.084375
0 0.315625 0.4796875 0.03125 0.1
