0 0.01171875 0.0828125 0.0234375 0.0296875
0 0.215625 0.44453125 0.028125 0.0265625
0 0.521875 0.63359375 0.0375 0.0359375
0 0.465625 0.57734375 0.04375 0.0359375
0 0.425 0.7796875 0.025 0.034375
0 0.21484375 0.44453125 0.028125 0.0265625
0 0.45703125 0.5 0.034375 0.0328125
0 0.36328125 0.60546875 0.03125 0.0359375
0 0.49765625 0.61484375 0.0265625 0.0359375
0 0.171875 0.084375 0.0375 0.034375
0 0.45234375 0.984375 0.053125 0.028125
0 0.16953125 0.03828125 0.0453125 0.0515625
0 0.3703125 0.653125 0.0390625 0.0359375
0 0.6015625 0.353125 0.0265625 0.0421875
0 0.4046875 0.621875 0.0328125 0.0296875
0 0.43828125 0.60625 0.0265625 0.0359375
0 0.4359375 0.65 0.034375 0.040625
0 0.16796875 0.13203125 0.0546875 0.053125
0 0.37265625 0.51796875 0.0359375 0.034375
0 0.5046875 0.7171875 0.028125 0.0328125
0 0.3015625 0.553125 0.0390625 0.0328125
0 0.5984375 0.596875 0.0203125 0.03125
0 0.3671875 0.5625 0.0328125 0.034375
0 0.38125 0.80546875 0.0390625 0.0390625
0 0.4671875 0.678125 0.0234375 0.04375
0 0.7359375 0.684375 0.0328125 0.0375
0 0.0296875 0.13828125 0.059375 0.0484375
0 0.384375 0.68828125 0.0375 0.04375
0 0.70859375 0.6390625 0.0421875 0.034375
0 0.4640625 0.73515625 0.034375 0.040625
0 0.0203125 0.35859375 0.0390625 0.0390625
0 0.1359375 0.5859375 0.053125 0.034375
0 0.496875 0.5390625 0.0328125 0.034375
0 0.50390625 0.78828125 0.025 0.0390625
0 0.4 0.54140625 0.025 0.0375
0 0.540625 0.67890625 0.0359375 0.0328125
0 0.384375 0.74921875 0.03125 0.0390625
0 0.684375 0.58046875 0.0359375 0.0359375
0 0.4015625 0.58203125 0.03125 0.0359375
0 0.4234375 0.7125 0.0390625 0.0375
0 0.59609375 0.65625 0.021875 0.0359375
0 0.31015625 0.50234375 0.0453125 0.0375
0 0.7296875 0.59765625 0.025 0.0328125
0 0.609375 0.70703125 0.028125 0.0375
0 0.23125 0.64765625 0.046875 0.0359375
0 0.55 0.58046875 0.021875 0.0359375
