0 0.14921875 0.021875 0.0453125 0.0328125
0 0.31796875 0.059375 0.0390625 0.034375
0 0.05078125 0.5671875 0.00625 0.025
0 0.06484375 0.71484375 0.009375 0.01875
0 0.228125 0.36953125 0.0078125 0.0203125
0 0.4046875 0.440625 0.0078125 0.0359375
0 0.38203125 0.3515625 0.0046875 0.01875
0 0.40390625 0.3703125 0.00625 0.0203125
0 0.39921875 0.36640625 0.00625 0.0234375
0 0.4109375 0.4390625 0.00625 0.0296875
0 0.46484375 0.33203125 0.00625 0.01875
0 0.4703125 0.33203125 0.0046875 0.0171875
0 0.44375 0.3265625 0.0046875 0.0203125
0 0.4875 0.36875 0.00625 0.021875
0 0.56796875 0.63203125 0.025 0.0859375
0 0.70859375 0.74453125 0.025 0.0734375
0 0.740625 0.98359375 0.0125 0.03125
0 0.62578125 0.0328125 0.0203125 0.0640625
0 0.97734375 0.35390625 0.04375 0.03125
