0 0.109375 0.86328125 0.01875 0.0296875
0 0.121875 0.4984375 0.0171875 0.0328125
0 0.6015625 0.090625 0.0125 0.0703125
0 0.13359375 0.059375 0.021875 0.03125
0 0.61484375 0.05078125 0.0125 0.0390625
0 0.8375 0.8 0.0140625 0.0203125
0 0.1359375 0.09609375 0.0265625 0.03125
0 0.8234375 0.81875 0.0125 0.0203125
0 0.67109375 0.834375 0.0203125 0.0234375
0 0.59140625 0.02109375 0.0171875 0.0265625
0 0.72265625 0.12109375 0.0203125 0.034375
0 0.9234375 0.29453125 0.021875 0.0203125
0 0.92109375 0.12890625 0.0234375 0.025
