0 0.05234375 0.60234375 0.103125 0.0765625
0 0.12734375 0.753125 0.0421875 0.034375
0 0.271875 0.8859375 0.025 0.08125
0 0.4078125 0.69296875 0.040625 0.0359375
0 0.70546875 0.78203125 0.046875 0.0390625
0 0.58828125 0.75390625 0.0046875 0.0234375
0 0.57890625 0.753125 0.0046875 0.025
0 0.55703125 0.7421875 0.0046875 0.025
0 0.55 0.7375 0.0046875 0.028125
0 0.54296875 0.7359375 0.00625 0.028125
0 0.534375 0.7359375 0.0046875 0.025
0 0.52734375 0.73359375 0.00625 0.0234375
0 0.5203125 0.73203125 0.0046875 0.0234375
0 0.51328125 0.73125 0.0046875 0.025
0 0.50546875 0.72734375 0.0046875 0.0234375
0 0.49921875 0.72578125 0.0046875 0.0203125
0 0.49453125 0.72578125 0.0046875 0.0203125
0 0.48828125 0.72109375 0.0046875 0.0203125
0 0.46953125 0.7203125 0.0046875 0.021875
0 0.4640625 0.715625 0.0046875 0.021875
0 0.45234375 0.709375 0.0046875 0.01875
0 0.446875 0.70546875 0.0046875 0.0234375
0 0.43984375 0.70625 0.0046875 0.021875
0 0.43515625 0.70703125 0.0046875 0.0203125
0 0.37578125 0.6921875 0.0078125 0.028125
0 0.3546875 0.6859375 0.00625 0.025
0 0.24453125 0.80703125 0.009375 0.0265625
0 0.225 0.7890625 0.0078125 0.028125
0 0.21953125 0.784375 0.0078125 0.028125
0 0.19296875 0.78046875 0.00625 0.0234375
0 0.17578125 0.7734375 0.0078125 0.021875
0 0.16953125 0.77109375 0.00625 0.0234375
0 0.02265625 0.72578125 0.0078125 0.0265625
