0 0.99453125 0.9390625 0.0109375 0.05
0 0.26171875 0.49921875 0.0375 0.0328125
0 0.1546875 0.10390625 0.04375 0.03125
0 0.0671875 0.0609375 0.0359375 0.03125
0 0.75703125 0.7484375 0.0171875 0.0390625
0 0.98671875 0.6734375 0.0265625 0.03125
0 0.91796875 0.95625 0.021875 0.0828125
0 0.89375 0.95625 0.0234375 0.084375
0 0.78671875 0.9609375 0.0203125 0.075
0 0.27421875 0.14296875 0.034375 0.0359375
0 0.159375 0.028125 0.0546875 0.0421875
0 0.83984375 0.03359375 0.04375 0.046875
0 0.05 0.23125 0.0390625 0.0359375
0 0.14296875 0.2484375 0.0421875 0.0359375
0 0.1 0.965625 0.0453125 0.034375
0 0.28046875 0.021875 0.03125 0.0359375
0 0.38359375 0.97265625 0.0234375 0.053125
0 0.240625 0.98359375 0.046875 0.03125
0 0.15390625 0.1359375 0.04375 0.03125
0 0.26171875 0.40703125 0.0390625 0.0375
0 0.8625 0.94375 0.0234375 0.0859375
0 0.275 0.10546875 0.0359375 0.034375
0 0.0640625 0.09765625 0.0484375 0.0390625
0 0.59296875 0.96015625 0.0234375 0.0796875
0 0.27734375 0.06328125 0.034375 0.034375
0 0.26484375 0.36484375 0.0390625 0.0359375
0 0.11015625 0.8640625 0.05 0.0359375
0 0.39296875 0.52578125 0.021875 0.096875
0 0.83125 0.95078125 0.021875 0.0953125
0 0.2625 0.453125 0.0375 0.0328125
0 0.05703125 0.165625 0.0390625 0.034375
0 0.04765625 0.26953125 0.0390625 0.034375
0 0.14140625 0.2859375 0.04375 0.034375
0 0.26640625 0.321875 0.040625 0.0375
0 0.3625 0.0453125 0.0234375 0.0890625
0 0.2578125 0.54765625 0.040625 0.034375
0 0.15859375 0.0703125 0.0453125 0.034375
0 0.109375 0.8140625 0.0484375 0.0359375
0 0.64296875 0.11015625 0.021875 0.0890625
0 0.8421875 0.5390625 0.025 0.096875
0 0.76953125 0.54765625 0.021875 0.084375
0 0.12890625 0.4421875 0.04375 0.034375
0 0.1453125 0.209375 0.04375 0.0328125
0 0.30546875 0.93828125 0.0265625 0.109375
0 0.10390625 0.91640625 0.05 0.0375
0 0.3125 0.5109375 0.025 0.09375
0 0.1375 0.36171875 0.0453125 0.034375
0 0.04609375 0.30390625 0.04375 0.034375
0 0.86015625 0.35625 0.0484375 0.05
0 0.24140625 0.93046875 0.05 0.0359375
0 0.4296875 0.29921875 0.0234375 0.09375
0 0.36171875 0.33125 0.0234375 0.090625
0 0.134375 0.40234375 0.04375 0.0328125
0 0.32734375 0.04140625 0.028125 0.08125
0 0.3515625 0.709375 0.025 0.10625
0 0.14765625 0.1703125 0.04375 0.0328125
0 0.13671875 0.32421875 0.0453125 0.0359375
0 0.39921875 0.1984375 0.0234375 0.1
0 0.32734375 0.21875 0.021875 0.096875
0 0.31640625 0.65703125 0.025 0.10625
0 0.396875 0.08828125 0.0234375 0.0890625
0 0.86875 0.465625 0.05 0.059375
0 0.43125 0.44296875 0.0234375 0.1
0 0.3953125 0.33125 0.0265625 0.109375
0 0.43203125 0.13671875 0.021875 0.096875
0 0.31171875 0.328125 0.0234375 0.09375
0 0.634375 0.7453125 0.025 0.10625
0 0.428125 0.66328125 0.0234375 0.1046875
0 0.84765625 0.078125 0.0484375 0.05
0 0.12578125 0.48671875 0.05625 0.0390625
0 0.34140625 0.88359375 0.0296875 0.1078125
0 0.859375 0.265625 0.04375 0.05
0 0.30859375 0.778125 0.0265625 0.1109375
0 0.384375 0.78359375 0.0234375 0.109375
0 0.84921875 0.12578125 0.040625 0.0484375
0 0.86875 0.41640625 0.0484375 0.0609375
0 0.359375 0.1734375 0.028125 0.125
0 0.8640625 0.3140625 0.05 0.053125
0 0.85078125 0.171875 0.0453125 0.053125
0 0.85703125 0.21875 0.0484375 0.0546875
0 0.725 0.0296875 0.0125 0.0375
0 0.73359375 0.23046875 0.0125 0.0359375
0 0.7375 0.27890625 0.015625 0.0390625
0 0.7421875 0.325 0.0140625 0.0359375
0 0.74453125 0.37109375 0.015625 0.040625
0 0.740625 0.4234375 0.0125 0.0390625
0 0.7421875 0.484375 0.00625 0.021875
0 0.75 0.696875 0.0078125 0.040625
0 0.5296875 0.55546875 0.0078125 0.0203125
0 0.5203125 0.55 0.0078125 0.015625
0 0.48515625 0.3296875 0.0109375 0.0390625
0 0.503125 0.34921875 0.0078125 0.015625
0 0.109375 0.15703125 0.0078125 0.015625
0 0.1015625 0.15859375 0.009375 0.021875
0 0.09140625 0.478125 0.0109375 0.0171875
0 0.35390625 0.49921875 0.0375 0.203125
0 0.071875 0.42421875 0.009375 0.021875
