0 0.9953125 0.29453125 0.0078125 0.021875
0 0.4578125 0.00546875 0.00625 0.0109375
0 0.93984375 0.209375 0.0171875 0.025
0 0.86796875 0.32578125 0.0265625 0.025
0 0.784375 0.77109375 0.0234375 0.034375
0 0.2453125 0.36796875 0.04375 0.0234375
0 0.78359375 0.77109375 0.0234375 0.034375
0 0.47265625 0.20703125 0.00625 0.0125
0 0.93984375 0.20859375 0.0171875 0.025
0 0.05 0.496875 0.0078125 0.0140625
0 0.9953125 0.296875 0.009375 0.0265625
0 0.471875 0.4359375 0.0046875 0.015625
0 0.49765625 0.0453125 0.00625 0.0296875
0 0.7921875 0.00625 0.0109375 0.0125
0 0.4421875 0.5796875 0.00625 0.028125
0 0.8078125 0.009375 0.0125 0.015625
0 0.484375 0.18515625 0.0078125 0.03125
0 0.1578125 0.8328125 0.0140625 0.01875
0 0.47109375 0.73515625 0.0078125 0.028125
0 0.47421875 0.121875 0.00625 0.0265625
0 0.43203125 0.84296875 0.0078125 0.03125
0 0.2859375 0.259375 0.01875 0.0140625
0 0.084375 0.378125 0.0140625 0.015625
0 0.48359375 0.8625 0.0078125 0.0375
0 0.509375 0.86328125 0.0078125 0.0296875
0 0.209375 0.8796875 0.0328125 0.0375
0 0.86796875 0.325 0.0265625 0.0234375
0 0.4515625 0.96796875 0.015625 0.0140625
0 0.99453125 0.20078125 0.0109375 0.0296875
0 0.63984375 0.6984375 0.0171875 0.0125
0 0.6546875 0.8921875 0.0140625 0.0140625
0 0.06875 0.18203125 0.0125 0.03125
0 0.66875 0.3640625 0.015625 0.0140625
0 0.8953125 0.76484375 0.0171875 0.01875
0 0.0703125 0.51953125 0.009375 0.0265625
0 0.384375 0.30078125 0.015625 0.0140625
0 0.0953125 0.3921875 0.0171875 0.01875
0 0.36484375 0.01875 0.015625 0.025
0 0.8921875 0.13828125 0.015625 0.021875
0 0.2359375 0.28359375 0.0171875 0.0140625
0 0.6015625 0.92109375 0.0171875 0.015625
0 0.65625 0.33984375 0.01875 0.0171875
0 0.321875 0.296875 0.0171875 0.0140625
0 0.53359375 0.35078125 0.0171875 0.0140625
0 0.078125 0.41953125 0.0171875 0.01875
0 0.09765625 0.696875 0.0140625 0.028125
0 0.17421875 0.34453125 0.0171875 0.015625
0 0.171875 0.30703125 0.01875 0.015625
0 0.7453125 0.94453125 0.015625 0.0234375
0 0.0828125 0.0546875 0.0140625 0.0265625
0 0.6921875 0.9359375 0.015625 0.0234375
0 0.17890625 0.8390625 0.0234375 0.0296875
0 0.27578125 0.33359375 0.0171875 0.015625
0 0.790625 0.4265625 0.0171875 0.01875
0 0.28828125 0.80078125 0.0203125 0.0359375
0 0.69375 0.90703125 0.01875 0.0203125
0 0.0875 0.13203125 0.0125 0.0265625
0 0.059375 0.559375 0.009375 0.0265625
0 0.0875 0.66484375 0.0125 0.0234375
0 0.96328125 0.83828125 0.015625 0.015625
0 0.1234375 0.75390625 0.0140625 0.025
0 0.10625 0.08203125 0.0125 0.0234375
0 0.07109375 0.61640625 0.0109375 0.028125
0 0.68046875 0.06953125 0.0125 0.0296875
0 0.1890625 0.3609375 0.0171875 0.0171875
0 0.0546875 0.23203125 0.009375 0.0265625
0 0.08359375 0.3296875 0.015625 0.0171875
0 0.14765625 0.30078125 0.0171875 0.0171875
0 0.3234375 0.91875 0.0140625 0.0171875
0 0.8203125 0.62890625 0.0140625 0.0234375
0 0.784375 0.9140625 0.015625 0.01875
0 0.9453125 0.40390625 0.0140625 0.0171875
0 0.9046875 0.86953125 0.0171875 0.0171875
0 0.1546875 0.39140625 0.0203125 0.0203125
0 0.1140625 0.78671875 0.0171875 0.021875
0 0.9703125 0.49140625 0.015625 0.0203125
0 0.7828125 0.83828125 0.0171875 0.021875
0 0.8609375 0.8859375 0.0171875 0.0171875
0 0.8609375 0.6078125 0.0234375 0.0671875
0 0.14375 0.7921875 0.0140625 0.0234375
0 0.93515625 0.7359375 0.0171875 0.01875
0 0.71171875 0.98671875 0.015625 0.021875
0 0.8109375 0.40390625 0.0203125 0.0203125
