0 0.02890625 0.4078125 0.0546875 0.0484375
0 0.0515625 0.46171875 0.0609375 0.0484375
0 0.07109375 0.54765625 0.028125 0.0203125
0 0.07265625 0.57578125 0.021875 0.0203125
0 0.00859375 0.6171875 0.0171875 0.021875
0 0.15546875 0.56640625 0.0234375 0.0203125
0 0.14765625 0.4890625 0.0515625 0.0453125
0 0.18203125 0.62890625 0.025 0.01875
0 0.0265625 0.68515625 0.025 0.01875
0 0.09375 0.70546875 0.028125 0.025
0 0.11484375 0.6859375 0.025 0.01875
0 0.11015625 0.64140625 0.025 0.01875
0 0.00390625 0.36640625 0.00625 0.0125
0 0.04453125 0.36640625 0.025 0.0203125
0 0.0734375 0.38203125 0.0234375 0.0234375
0 0.096875 0.35625 0.021875 0.0203125
0 0.1578125 0.38359375 0.0234375 0.015625
0 0.16171875 0.36328125 0.021875 0.0125
0 0.21015625 0.33671875 0.0234375 0.0203125
0 0.2234375 0.36796875 0.025 0.01875
0 0.23515625 0.34453125 0.0171875 0.015625
0 0.26484375 0.38828125 0.0234375 0.01875
0 0.309375 0.38359375 0.0203125 0.015625
0 0.31484375 0.4265625 0.0625 0.0515625
0 0.3546875 0.38203125 0.0234375 0.0234375
0 0.3453125 0.34375 0.021875 0.01875
0 0.38359375 0.3734375 0.0234375 0.01875
0 0.42109375 0.340625 0.021875 0.01875
0 0.42265625 0.37421875 0.0234375 0.0203125
0 0.4421875 0.39296875 0.0234375 0.01875
0 0.47890625 0.3984375 0.025 0.021875
0 0.48515625 0.365625 0.0234375 0.021875
0 0.45546875 0.43203125 0.0578125 0.05
0 0.53203125 0.3890625 0.0234375 0.0171875
0 0.521875 0.4125 0.0203125 0.0203125
0 0.56015625 0.36328125 0.0234375 0.01875
0 0.56953125 0.41171875 0.0203125 0.01875
0 0.5953125 0.40078125 0.0234375 0.0203125
0 0.45859375 0.5015625 0.0546875 0.046875
0 0.35546875 0.49140625 0.0546875 0.04375
0 0.3328125 0.54140625 0.0234375 0.0203125
0 0.29375 0.5546875 0.0234375 0.0203125
0 0.26875 0.478125 0.0609375 0.0453125
0 0.240625 0.54453125 0.0234375 0.0140625
0 0.3796875 0.53046875 0.0234375 0.015625
0 0.36640625 0.55078125 0.0234375 0.01875
0 0.39921875 0.5390625 0.021875 0.015625
0 0.3953125 0.55546875 0.0234375 0.01875
0 0.4234375 0.5359375 0.0265625 0.0203125
0 0.4296875 0.55078125 0.0234375 0.01875
0 0.45390625 0.5609375 0.021875 0.01875
0 0.48125 0.56171875 0.0203125 0.025
0 0.45625 0.61328125 0.0578125 0.0484375
0 0.50390625 0.5609375 0.021875 0.0265625
0 0.53515625 0.56875 0.025 0.0234375
0 0.571875 0.57421875 0.0203125 0.021875
0 0.59140625 0.465625 0.0953125 0.0609375
0 0.6109375 0.42890625 0.025 0.0203125
0 0.6421875 0.53125 0.0546875 0.0453125
0 0.6859375 0.55078125 0.0234375 0.0234375
0 0.63671875 0.4078125 0.0234375 0.021875
0 0.65 0.3796875 0.0234375 0.0203125
0 0.69765625 0.40390625 0.0203125 0.0203125
0 0.69375 0.42109375 0.0265625 0.0203125
0 0.7421875 0.43671875 0.0234375 0.01875
0 0.6078125 0.04453125 0.025 0.065625
0 0.47578125 0.21328125 0.0109375 0.040625
0 0.6390625 0.19375 0.0125 0.040625
0 0.721875 0.16796875 0.0046875 0.0359375
0 0.728125 0.16796875 0.0046875 0.0375
0 0.73359375 0.16796875 0.0078125 0.040625
0 0.75234375 0.16640625 0.009375 0.034375
0 0.76640625 0.17265625 0.0078125 0.0359375
0 0.77265625 0.17265625 0.0046875 0.0375
0 0.76484375 0.26640625 0.025 0.0203125
0 0.7859375 0.31171875 0.0125 0.046875
0 0.8171875 0.3203125 0.009375 0.0390625
0 0.84375 0.31640625 0.009375 0.040625
0 0.8578125 0.328125 0.0109375 0.040625
0 0.94921875 0.43515625 0.0296875 0.01875
0 0.8796875 0.42109375 0.01875 0.0171875
0 0.871875 0.44921875 0.0234375 0.0171875
0 0.9375 0.48359375 0.0609375 0.04375
0 0.91875 0.53359375 0.0578125 0.04375
0 0.8203125 0.40625 0.028125 0.01875
0 0.834375 0.43046875 0.0234375 0.01875
0 0.82734375 0.45703125 0.0234375 0.0171875
0 0.80625 0.4734375 0.0234375 0.0203125
0 0.7515625 0.51796875 0.059375 0.046875
0 0.8828125 0.63671875 0.0515625 0.0453125
0 0.87109375 0.69453125 0.046875 0.04375
0 0.85546875 0.7265625 0.021875 0.01875
0 0.79453125 0.73359375 0.0203125 0.01875
0 0.7671875 0.63515625 0.0578125 0.046875
0 0.71953125 0.740625 0.025 0.0171875
0 0.675 0.72578125 0.0203125 0.0203125
0 0.68203125 0.703125 0.021875 0.0203125
0 0.67109375 0.6296875 0.0546875 0.0515625
0 0.61484375 0.671875 0.0578125 0.0515625
0 0.5765625 0.70390625 0.0234375 0.0203125
0 0.46328125 0.71484375 0.021875 0.021875
0 0.46640625 0.67109375 0.0578125 0.0484375
0 0.40390625 0.709375 0.0234375 0.0203125
0 0.37578125 0.68203125 0.0234375 0.021875
0 0.3140625 0.671875 0.028125 0.0265625
0 0.31328125 0.6015625 0.08125 0.0546875
0 0.340625 0.71171875 0.0203125 0.0203125
0 0.225 0.66875 0.025 0.0203125
0 0.18671875 0.68515625 0.025 0.021875
0 0.18984375 0.71171875 0.025 0.0203125
0 0.42421875 0.83203125 0.0140625 0.0375
0 0.4640625 0.82421875 0.0109375 0.0390625
0 0.44765625 0.85546875 0.0125 0.0421875
0 0.64921875 0.75859375 0.0203125 0.021875
0 0.878125 0.74296875 0.021875 0.01875
0 0.8703125 0.76875 0.015625 0.01875
0 0.4125 0.896875 0.0140625 0.040625
0 0.46171875 0.91328125 0.01875 0.0421875
0 0.67421875 0.95859375 0.009375 0.040625
0 0.69453125 0.95078125 0.009375 0.0359375
0 0.71875 0.959375 0.009375 0.0359375
0 0.7265625 0.9609375 0.00625 0.0359375
0 0.73359375 0.959375 0.0078125 0.034375
0 0.7390625 0.95859375 0.0046875 0.0328125
0 0.746875 0.95546875 0.0109375 0.021875
0 0.78125 0.965625 0.0078125 0.03125
0 0.78828125 0.965625 0.0078125 0.03125
0 0.79609375 0.96796875 0.0078125 0.028125
0 0.803125 0.9671875 0.0078125 0.0265625
0 0.8109375 0.96640625 0.009375 0.028125
0 0.31953125 0.83359375 0.021875 0.0203125
0 0.75859375 0.92265625 0.0125 0.0234375
0 0.73984375 0.93125 0.0109375 0.0203125
0 0.4671875 0.18359375 0.0125 0.04375
0 0.784375 0.1765625 0.0046875 0.0328125
0 0.653125 0.171875 0.0125 0.0203125
0 0.453125 0.18125 0.009375 0.0203125
