0 0.72734375 0.86640625 0.0203125 0.034375
0 0.79453125 0.9046875 0.0265625 0.046875
0 0.69609375 0.65703125 0.015625 0.025
0 0.74609375 0.76640625 0.015625 0.046875
0 0.67265625 0.5265625 0.0140625 0.0234375
0 0.54921875 0.70859375 0.0125 0.025
0 0.57578125 0.80546875 0.0125 0.0265625
0 0.628125 0.56875 0.0171875 0.0203125
0 0.13359375 0.98203125 0.021875 0.021875
0 0.6765625 0.73828125 0.015625 0.040625
0 0.81171875 0.815625 0.028125 0.01875
0 0.77734375 0.86328125 0.025 0.0640625
0 0.76015625 0.8859375 0.0171875 0.03125
0 0.7453125 0.94296875 0.0359375 0.0375
0 0.7140625 0.93203125 0.0203125 0.0328125
0 0.98515625 0.24453125 0.01875 0.021875
0 0.98671875 0.19296875 0.0265625 0.028125
0 0.98515625 0.16171875 0.0265625 0.0296875
0 0.9734375 0.15703125 0.03125 0.0359375
0 0.96875 0.1390625 0.03125 0.0296875
0 0.9640625 0.11953125 0.0265625 0.0296875
0 0.98203125 0.10703125 0.0140625 0.021875
0 0.96171875 0.0984375 0.025 0.034375
0 0.984375 0.07421875 0.0203125 0.0265625
0 0.99375 0.10546875 0.0125 0.025
