0 0.32421875 0.76796875 0.025 0.10625
0 0.45546875 0.88828125 0.025 0.1109375
0 0.78671875 0.14609375 0.028125 0.1125
0 0.48828125 0.88203125 0.0265625 0.115625
0 0.65 0.88046875 0.028125 0.1203125
0 0.28984375 0.7625 0.028125 0.115625
0 0.3 0.90234375 0.028125 0.1203125
0 0.01171875 0.12890625 0.0234375 0.10625
0 0.009375 0.9015625 0.01875 0.115625
0 0.4875 0.7546875 0.0265625 0.1171875
0 0.98515625 0.1203125 0.0296875 0.1125
0 0.22265625 0.7734375 0.028125 0.1203125
0 0.55546875 0.5125 0.028125 0.1171875
0 0.0453125 0.0375 0.0296875 0.0734375
0 0.72421875 0.88046875 0.028125 0.1203125
0 0.3703125 0.51015625 0.028125 0.1171875
0 0.81875 0.8984375 0.028125 0.1109375
0 0.55625 0.88359375 0.0265625 0.10625
0 0.48984375 0.14140625 0.028125 0.11875
0 0.421875 0.13984375 0.028125 0.1171875
0 0.35703125 0.7625 0.025 0.1015625
0 0.68828125 0.5078125 0.028125 0.11875
0 0.08125 0.890625 0.0296875 0.1125
0 0.753125 0.5171875 0.0265625 0.109375
0 0.5953125 0.88828125 0.025 0.1125
0 0.2453125 0.9078125 0.0296875 0.1203125
0 0.65625 0.50390625 0.0265625 0.109375
0 0.68671875 0.88046875 0.0265625 0.11875
0 0.01171875 0.5125 0.0234375 0.1171875
0 0.3828125 0.89375 0.0265625 0.1125
0 0.78671875 0.896875 0.028125 0.109375
0 0.5203125 0.88359375 0.028125 0.1140625
0 0.0453125 0.37109375 0.03125 0.115625
0 0.521875 0.5125 0.0265625 0.115625
0 0.81796875 0.50390625 0.028125 0.1171875
0 0.34921875 0.8890625 0.028125 0.11875
0 0.32265625 0.51171875 0.025 0.1140625
0 0.6234375 0.50390625 0.028125 0.1078125
0 0.42265625 0.49140625 0.025 0.1078125
0 0.621875 0.1359375 0.028125 0.115625
0 0.88671875 0.76015625 0.0296875 0.1109375
0 0.14609375 0.5109375 0.0296875 0.1171875
0 0.04296875 0.8984375 0.0296875 0.1171875
0 0.93046875 0.89296875 0.028125 0.1109375
0 0.14453125 0.7609375 0.0296875 0.1203125
0 0.8546875 0.8953125 0.0296875 0.11875
0 0.753125 0.128125 0.0265625 0.1109375
0 0.19140625 0.5140625 0.0296875 0.1109375
0 0.85234375 0.13828125 0.028125 0.1140625
0 0.89609375 0.89453125 0.0296875 0.109375
0 0.25703125 0.5046875 0.028125 0.1109375
0 0.06328125 0.503125 0.03125 0.1234375
0 0.07578125 0.1515625 0.03125 0.1203125
0 0.25390625 0.771875 0.028125 0.11875
0 0.9671875 0.88359375 0.03125 0.125
0 0.190625 0.775 0.0296875 0.1203125
0 0.28984375 0.13515625 0.028125 0.115625
0 0.140625 0.90546875 0.0296875 0.1203125
0 0.084375 0.36953125 0.0296875 0.1171875
0 0.19140625 0.9125 0.0296875 0.1140625
0 0.159375 0.1359375 0.03125 0.11875
0 0.41640625 0.8859375 0.028125 0.121875
0 0.0640625 0.7375 0.0296875 0.1109375
