0 0.2609375 0.31953125 0.0765625 0.0671875
0 0.0234375 0.190625 0.021875 0.04375
0 0.3765625 0.153125 0.0140625 0.0375
0 0.97265625 0.525 0.021875 0.03125
0 0.3875 0.13125 0.0140625 0.0484375
0 0.9640625 0.30859375 0.01875 0.034375
0 0.8421875 0.5671875 0.0234375 0.04375
0 0.4640625 0.01640625 0.0125 0.03125
0 0.8234375 0.54296875 0.0171875 0.0359375
0 0.96875 0.58671875 0.0171875 0.028125
0 0.00859375 0.2703125 0.015625 0.040625
0 0.540625 0.66484375 0.0125 0.03125
0 0.55234375 0.6859375 0.0109375 0.028125
0 0.93515625 0.28203125 0.0171875 0.0421875
0 0.975 0.61953125 0.025 0.0359375
0 0.9484375 0.2921875 0.015625 0.0375
0 0.7453125 0.78984375 0.015625 0.034375
0 0.7984375 0.309375 0.01875 0.040625
0 0.1609375 0.94921875 0.021875 0.0296875
0 0.559375 0.71328125 0.0125 0.0265625
0 0.86875 0.478125 0.01875 0.034375
0 0.7625 0.453125 0.0140625 0.040625
0 0.8515625 0.434375 0.0171875 0.0375
0 0.8640625 0.459375 0.01875 0.03125
0 0.4125 0.85625 0.065625 0.1046875
0 0.3875 0.14375 0.0078125 0.034375
0 0.8 0.87578125 0.01875 0.0328125
0 0.7953125 0.909375 0.0140625 0.025
0 0.77890625 0.6171875 0.015625 0.034375
0 0.74765625 0.465625 0.01875 0.0421875
0 0.75390625 0.4359375 0.0125 0.028125
0 0.9109375 0.284375 0.0203125 0.0375
0 0.915625 0.29921875 0.0171875 0.040625
0 0.859375 0.44140625 0.0203125 0.0359375
