0 0.23984375 0.61875 0.1734375 0.090625
0 0.86796875 0.28046875 0.046875 0.090625
0 0.01875 0.25 0.0359375 0.1015625
0 0.8125 0.60234375 0.0875 0.05625
0 0.48515625 0.609375 0.0828125 0.0625
0 0.29921875 0.27421875 0.053125 0.1296875
0 0.98359375 0.60546875 0.0328125 0.0703125
0 0.03125 0.48203125 0.0625 0.065625
0 0.03359375 0.60390625 0.0671875 0.059375
0 0.65078125 0.615625 0.0828125 0.05625
0 0.23984375 0.26015625 0.0515625 0.121875
0 0.6609375 0.25625 0.0671875 0.1359375
0 0.1875 0.28515625 0.0671875 0.134375
0 0.765625 0.3984375 0.08125 0.05625
0 0.12109375 0.22890625 0.059375 0.1359375
0 0.69765625 0.49921875 0.084375 0.0609375
0 0.8921875 0.39296875 0.0953125 0.075
0 0.45234375 0.5 0.0875 0.0609375
0 0.83359375 0.503125 0.0890625 0.0625
0 0.79375 0.2859375 0.0734375 0.1296875
0 0.96015625 0.496875 0.0796875 0.0640625
0 0.13046875 0.446875 0.0828125 0.06875
0 0.5890625 0.46015625 0.0828125 0.0796875
0 0.0828125 0.2953125 0.0953125 0.1546875
0 0.28046875 0.48359375 0.0828125 0.0609375
0 0.246875 0.0796875 0.0171875 0.028125
0 0.26953125 0.03203125 0.0125 0.025
0 0.4875 0.03046875 0.0140625 0.025
0 0.78671875 0.0640625 0.015625 0.0265625
