0 0.97265625 0.76171875 0.025 0.0328125
0 0.9125 0.83359375 0.0203125 0.0234375
0 0.91328125 0.75 0.0234375 0.025
0 0.51875 0.9453125 0.259375 0.09375
0 0.55 0.7484375 0.2453125 0.115625
0 0.72265625 0.95390625 0.1125 0.0796875
0 0.75625 0.728125 0.1125 0.075
0 0.05234375 0.6875 0.0609375 0.196875
0 0.89296875 0.28671875 0.0234375 0.021875
0 0.875 0.3578125 0.0203125 0.0171875
0 0.8484375 0.36953125 0.025 0.0171875
0 0.82734375 0.2265625 0.01875 0.01875
0 0.9578125 0.771875 0.025 0.034375
0 0.9234375 0.82734375 0.0234375 0.021875
