0 0.790625 0.01328125 0.03125 0.025
0 0.26875 0.484375 0.0078125 0.0203125
0 0.28046875 0.4484375 0.009375 0.025
0 0.55 0.69609375 0.009375 0.0265625
0 0.49609375 0.8890625 0.0375 0.0703125
0 0.8390625 0.11796875 0.0375 0.06875
0 0.65234375 0.52109375 0.03125 0.0828125
0 0.86640625 0.0640625 0.034375 0.0671875
0 0.578125 0.70390625 0.0375 0.0890625
0 0.70234375 0.428125 0.0359375 0.0609375
0 0.76484375 0.0515625 0.0390625 0.06875
0 0.621875 0.6046875 0.046875 0.0828125
0 0.771875 0.2734375 0.0421875 0.0734375
0 0.5625 0.47421875 0.0484375 0.09375
0 0.38671875 0.69375 0.053125 0.096875
0 0.728125 0.12890625 0.040625 0.075
0 0.67890625 0.23046875 0.04375 0.0859375
0 0.734375 0.3609375 0.040625 0.0796875
0 0.60546875 0.39296875 0.040625 0.078125
0 0.63984375 0.31328125 0.046875 0.078125
0 0.5640625 0.68359375 0.0109375 0.0265625
0 0.34921875 0.85703125 0.0203125 0.0515625
0 0.87734375 0.090625 0.015625 0.0265625
0 0.53359375 0.15859375 0.0265625 0.0875
