0 0.1203125 0.24296875 0.2015625 0.0796875
0 0.23671875 0.7859375 0.084375 0.0546875
0 0.64921875 0.24140625 0.078125 0.0515625
0 0.15234375 0.15703125 0.05625 0.0484375
0 0.73984375 0.784375 0.0625 0.05
0 0.97578125 0.78984375 0.0484375 0.0453125
0 0.815625 0.41328125 0.06875 0.046875
0 0.653125 0.4140625 0.0671875 0.0484375
0 0.946875 0.23671875 0.0703125 0.046875
0 0.5390625 0.78203125 0.0578125 0.05
0 0.940625 0.33828125 0.08125 0.05
0 0.309375 0.246875 0.0671875 0.0546875
0 0.98359375 0.1625 0.03125 0.053125
0 0.1078125 0.703125 0.0859375 0.0578125
0 0.809375 0.24609375 0.065625 0.0515625
0 0.79296875 0.1609375 0.0640625 0.0484375
0 0.4171875 0.78359375 0.053125 0.046875
0 0.6421875 0.75390625 0.0671875 0.05
0 0.44375 0.4265625 0.0703125 0.05
0 0.0765625 0.80546875 0.071875 0.05
0 0.03671875 0.42578125 0.0734375 0.0515625
0 0.9640625 0.41953125 0.0703125 0.046875
0 0.85703125 0.76640625 0.0671875 0.053125
0 0.734375 0.67578125 0.059375 0.046875
0 0.34140625 0.17578125 0.0640625 0.05
0 0.42890625 0.34375 0.0671875 0.05
0 0.18125 0.4171875 0.0671875 0.046875
0 0.20859375 0.33046875 0.065625 0.046875
0 0.54375 0.14296875 0.1296875 0.0859375
