0 0.025 0.93671875 0.04375 0.04375
0 0.4296875 0.065625 0.025 0.096875
0 0.115625 0.95078125 0.0453125 0.0421875
0 0.41328125 0.64296875 0.0296875 0.0953125
0 0.51875 0.4390625 0.046875 0.06875
0 0.61015625 0.146875 0.0421875 0.0671875
0 0.3734375 0.72734375 0.0078125 0.0125
0 0.35546875 0.91015625 0.0078125 0.0140625
0 0.36484375 0.909375 0.00625 0.0125
0 0.3671875 0.8921875 0.0078125 0.0125
0 0.36875 0.87265625 0.00625 0.0140625
0 0.37734375 0.87734375 0.0078125 0.0171875
0 0.378125 0.89921875 0.00625 0.0109375
0 0.37578125 0.9109375 0.00625 0.009375
0 0.37890625 0.92578125 0.00625 0.01875
0 0.38671875 0.928125 0.00625 0.0140625
0 0.38515625 0.89140625 0.0046875 0.0140625
0 0.384375 0.88046875 0.0046875 0.0140625
0 0.3921875 0.8875 0.0078125 0.0125
0 0.3984375 0.87578125 0.0078125 0.0125
0 0.403125 0.88359375 0.0078125 0.009375
0 0.4109375 0.896875 0.00625 0.0109375
0 0.4171875 0.95859375 0.00625 0.0140625
0 0.4171875 0.946875 0.009375 0.0109375
0 0.4203125 0.9359375 0.0046875 0.009375
0 0.421875 0.92265625 0.00625 0.0109375
0 0.42421875 0.90625 0.00625 0.009375
0 0.42265625 0.89453125 0.009375 0.0140625
0 0.43515625 0.90078125 0.00625 0.0125
0 0.43671875 0.9203125 0.009375 0.0171875
0 0.4828125 0.940625 0.00625 0.0140625
0 0.4921875 0.946875 0.00625 0.0140625
0 0.5234375 0.91171875 0.00625 0.0171875
0 0.5625 0.9421875 0.009375 0.0140625
0 0.57734375 0.953125 0.0046875 0.0171875
0 0.58515625 0.940625 0.00625 0.015625
0 0.378125 0.4984375 0.00625 0.0109375
0 0.38125 0.64140625 0.00625 0.015625
0 0.5359375 0.07109375 0.0046875 0.0171875
0 0.49609375 0.04921875 0.00625 0.015625
0 0.5015625 0.0375 0.00625 0.015625
0 0.509375 0.040625 0.0046875 0.015625
0 0.5296875 0.02421875 0.0078125 0.0125
0 0.559375 0.165625 0.0078125 0.0140625
0 0.56171875 0.09375 0.0078125 0.0125
0 0.55546875 0.078125 0.0046875 0.0171875
