0 0.82265625 0.825 0.0125 0.025
0 0.0671875 0.29140625 0.0140625 0.015625
0 0.56640625 0.840625 0.009375 0.0203125
0 0.14609375 0.53515625 0.0171875 0.0171875
0 0.0484375 0.85 0.0171875 0.015625
0 0.26875 0.51953125 0.009375 0.0203125
0 0.26875 0.48515625 0.0125 0.0234375
0 0.26875 0.46171875 0.0125 0.015625
0 0.3171875 0.0734375 0.0140625 0.0234375
0 0.18828125 0.13125 0.01875 0.0234375
0 0.58125 0.1234375 0.0140625 0.0234375
0 0.6625 0.12578125 0.0109375 0.0234375
0 0.6515625 0.84609375 0.015625 0.04375
0 0.83359375 0.4328125 0.0171875 0.0171875
0 0.90625 0.496875 0.0140625 0.0234375
0 0.94609375 0.10546875 0.0171875 0.0265625
