0 0.72265625 0.4515625 0.0265625 0.0546875
0 0.703125 0.45078125 0.025 0.05
0 0.62109375 0.45703125 0.0234375 0.046875
0 0.7578125 0.45078125 0.028125 0.05625
0 0.47734375 0.3359375 0.0296875 0.0234375
0 0.5828125 0.46328125 0.0203125 0.0453125
0 0.484375 0.0265625 0.03125 0.0234375
0 0.67890625 0.45546875 0.0234375 0.0484375
0 0.51328125 0.73671875 0.03125 0.0234375
0 0.4609375 0.75546875 0.0140625 0.059375
0 0.51015625 0.84375 0.03125 0.0234375
0 0.16640625 0.590625 0.0140625 0.05
0 0.7515625 0.54609375 0.0140625 0.05
0 0.4765625 0.39140625 0.028125 0.021875
0 0.2546875 0.48671875 0.0140625 0.0515625
0 0.071875 0.50078125 0.0140625 0.053125
0 0.1265625 0.596875 0.0125 0.040625
0 0.5328125 0.18359375 0.0109375 0.0453125
0 0.271875 0.5828125 0.0140625 0.0515625
0 0.48125 0.06015625 0.0296875 0.025
0 0.45859375 0.89140625 0.0140625 0.05625
0 0.2140625 0.58671875 0.0140625 0.05
0 0.46328125 0.6875 0.0125 0.05
0 0.64765625 0.55390625 0.0125 0.053125
0 0.51328125 0.90546875 0.0328125 0.021875
0 0.40234375 0.47421875 0.0125 0.046875
0 0.47578125 0.36328125 0.0265625 0.021875
0 0.63984375 0.4546875 0.0171875 0.040625
0 0.13203125 0.4953125 0.0140625 0.0515625
0 0.1140625 0.49375 0.0171875 0.059375
0 0.60390625 0.4546875 0.0203125 0.0453125
0 0.47890625 0.11328125 0.0265625 0.0234375
0 0.53515625 0.07109375 0.0109375 0.0421875
0 0.665625 0.55390625 0.0125 0.046875
0 0.4796875 0.08671875 0.028125 0.021875
0 0.7171875 0.546875 0.0125 0.0546875
0 0.31171875 0.58203125 0.0140625 0.046875
0 0.4796875 0.14296875 0.0265625 0.021875
0 0.63125 0.5546875 0.0125 0.05625
0 0.0625 0.5953125 0.0140625 0.0515625
0 0.35625 0.58046875 0.0125 0.04375
0 0.5109375 0.9703125 0.028125 0.021875
0 0.7828125 0.546875 0.0125 0.05
0 0.24140625 0.5859375 0.0140625 0.0515625
0 0.53359375 0.12578125 0.0109375 0.0453125
0 0.45234375 0.553125 0.0265625 0.0359375
0 0.146875 0.49375 0.0125 0.0515625
0 0.5109375 0.94375 0.0296875 0.0234375
0 0.1921875 0.48984375 0.0140625 0.053125
0 0.29609375 0.484375 0.0125 0.046875
0 0.796875 0.54609375 0.0125 0.0484375
0 0.20703125 0.4890625 0.0140625 0.0484375
0 0.32734375 0.57890625 0.0140625 0.05
0 0.53671875 0.01484375 0.0125 0.0296875
0 0.18125 0.5875 0.0125 0.046875
0 0.478125 0.27265625 0.03125 0.0265625
0 0.196875 0.5859375 0.0125 0.046875
0 0.35625 0.47578125 0.0109375 0.0421875
0 0.3390625 0.47890625 0.0125 0.0453125
0 0.51328125 0.8734375 0.03125 0.0234375
0 0.02578125 0.5078125 0.0125 0.0515625
0 0.0421875 0.50546875 0.0125 0.0515625
0 0.58125 0.553125 0.0140625 0.059375
0 0.32265625 0.4796875 0.0125 0.0453125
0 0.03515625 0.60546875 0.0125 0.05
0 0.4765625 0.3046875 0.0296875 0.0234375
0 0.296875 0.5828125 0.0125 0.04375
0 0.3421875 0.5796875 0.0140625 0.0484375
0 0.76796875 0.54765625 0.0125 0.04375
0 0.1609375 0.48828125 0.0140625 0.0609375
0 0.6140625 0.55234375 0.0125 0.046875
0 0.25546875 0.5875 0.0109375 0.040625
0 0.5984375 0.55234375 0.0109375 0.046875
0 0.021875 0.60234375 0.0125 0.04375
0 0.05625 0.50234375 0.0125 0.05
0 0.51328125 0.709375 0.028125 0.0203125
0 0.04765625 0.60078125 0.0109375 0.04375
0 0.28046875 0.48359375 0.0140625 0.0484375
0 0.3890625 0.57421875 0.0125 0.04375
0 0.4203125 0.5703125 0.0140625 0.05
0 0.37265625 0.5828125 0.0125 0.0359375
0 0.51640625 0.6578125 0.0296875 0.0265625
0 0.70234375 0.55234375 0.0125 0.0515625
0 0.425 0.921875 0.0046875 0.0109375
0 0.55 0.89296875 0.00625 0.0140625
0 0.546875 0.91875 0.003125 0.00625
0 0.55390625 0.7796875 0.003125 0.009375
0 0.55703125 0.77734375 0.003125 0.0125
0 0.54765625 0.66015625 0.0046875 0.015625
0 0.2421875 0.53046875 0.0125 0.0078125
0 0.26328125 0.446875 0.00625 0.0078125
0 0.00234375 0.509375 0.0046875 0.04375
0 0.01171875 0.51171875 0.0109375 0.05
0 0.0015625 0.60546875 0.003125 0.04375
0 0.09921875 0.4984375 0.0125 0.05
0 0.26875 0.47578125 0.009375 0.0375
0 0.3859375 0.478125 0.0140625 0.05625
0 0.3703125 0.47734375 0.0140625 0.0515625
0 0.48515625 0.003125 0.0265625 0.00625
0 0.47890625 0.17265625 0.028125 0.021875
0 0.478125 0.2046875 0.028125 0.021875
0 0.478125 0.24453125 0.0296875 0.021875
0 0.134375 0.534375 0.00625 0.0078125
0 0.56171875 0.06171875 0.0046875 0.0109375
0 0.49921875 0.18515625 0.0046875 0.0109375
0 0.5109375 0.8125 0.0296875 0.0234375
0 0.51484375 0.684375 0.028125 0.021875
0 0.57890625 0.065625 0.0046875 0.009375
0 0.5765625 0.28671875 0.0046875 0.0078125
0 0.534375 0.52421875 0.0046875 0.0046875
0 0.78125 0.1328125 0.0078125 0.01875
0 0.78203125 0.18359375 0.015625 0.0171875
0 0.6828125 0.378125 0.00625 0.0078125
0 0.5671875 0.059375 0.003125 0.0109375
