0 0.1828125 0.62578125 0.0796875 0.1375
0 0.66015625 0.65703125 0.0796875 0.0703125
0 0.44921875 0.62890625 0.0859375 0.1484375
0 0.55859375 0.6515625 0.1015625 0.0765625
0 0.28046875 0.63671875 0.1015625 0.1515625
0 0.3734375 0.634375 0.0796875 0.134375
0 0.034375 0.621875 0.06875 0.159375
0 0.309375 0.5671875 0.021875 0.028125
0 0.33125 0.53984375 0.0203125 0.0265625
0 0.36875 0.56328125 0.01875 0.0203125
0 0.3234375 0.61484375 0.0203125 0.025
0 0.415625 0.70078125 0.0109375 0.01875
0 0.42265625 0.68046875 0.0109375 0.0296875
0 0.4015625 0.52890625 0.028125 0.01875
0 0.46015625 0.56484375 0.0171875 0.0203125
0 0.484375 0.5375 0.01875 0.015625
0 0.49296875 0.55234375 0.0140625 0.01875
0 0.49765625 0.5765625 0.0140625 0.015625
0 0.5125 0.57734375 0.0125 0.0265625
0 0.5359375 0.565625 0.0125 0.01875
0 0.53671875 0.5859375 0.0125 0.0171875
0 0.4921875 0.48828125 0.0203125 0.0328125
0 0.49375 0.39609375 0.0109375 0.0234375
0 0.48203125 0.365625 0.0125 0.021875
0 0.47109375 0.38984375 0.015625 0.01875
0 0.4421875 0.39296875 0.0171875 0.0234375
0 0.56796875 0.50546875 0.0125 0.021875
0 0.52890625 0.36640625 0.015625 0.0203125
0 0.72421875 0.55859375 0.0265625 0.034375
0 0.7453125 0.44140625 0.0125 0.03125
0 0.80546875 0.58984375 0.0296875 0.0203125
0 0.8484375 0.5640625 0.025 0.0203125
0 0.82421875 0.609375 0.0234375 0.0296875
0 0.79296875 0.634375 0.021875 0.021875
0 0.81796875 0.64453125 0.025 0.021875
0 0.96875 0.4375 0.034375 0.0359375
0 0.715625 0.684375 0.0171875 0.0640625
0 0.76796875 0.6171875 0.03125 0.121875
0 0.59921875 0.57109375 0.015625 0.0265625
0 0.56796875 0.5703125 0.0171875 0.0234375
0 0.85 0.62578125 0.0234375 0.09375
0 0.9375 0.61875 0.125 0.10625
0 0.08203125 0.4046875 0.0328125 0.0296875
