0 0.275 0.92109375 0.025 0.0609375
0 0.7609375 0.60078125 0.01875 0.0484375
0 0.2625 0.746875 0.0203125 0.0515625
0 0.79609375 0.62578125 0.01875 0.04375
0 0.29765625 0.884375 0.0234375 0.0625
0 0.7203125 0.74296875 0.01875 0.0546875
0 0.81875 0.74453125 0.0234375 0.05
0 0.6796875 0.66328125 0.0125 0.0578125
0 0.30234375 0.55859375 0.0140625 0.053125
0 0.2828125 0.640625 0.0140625 0.05
0 0.928125 0.9671875 0.0234375 0.0578125
0 0.253125 0.459375 0.0140625 0.046875
0 0.63671875 0.659375 0.0125 0.05
0 0.3328125 0.82421875 0.015625 0.0625
0 0.5515625 0.38046875 0.0125 0.040625
0 0.41640625 0.50546875 0.0109375 0.05
0 0.04140625 0.5703125 0.015625 0.04375
0 0.64921875 0.521875 0.0109375 0.04375
0 0.2171875 0.46640625 0.0109375 0.0453125
0 0.509375 0.34375 0.009375 0.04375
0 0.09609375 0.68046875 0.01875 0.053125
0 0.153125 0.465625 0.0140625 0.04375
0 0.5359375 0.57890625 0.0125 0.053125
0 0.4609375 0.5578125 0.0140625 0.059375
0 0.3859375 0.290625 0.0078125 0.0375
0 0.3921875 0.2578125 0.0078125 0.034375
0 0.571875 0.47578125 0.0125 0.0484375
0 0.52109375 0.49921875 0.0125 0.04375
0 0.2828125 0.5921875 0.021875 0.0546875
0 0.55078125 0.46953125 0.0109375 0.046875
0 0.69609375 0.5609375 0.0140625 0.0421875
0 0.134375 0.821875 0.021875 0.0578125
0 0.3109375 0.27265625 0.0125 0.040625
0 0.39375 0.6421875 0.01875 0.0546875
0 0.48046875 0.41171875 0.009375 0.04375
0 0.4109375 0.31640625 0.009375 0.0359375
0 0.26796875 0.434375 0.0125 0.046875
0 0.21875 0.75546875 0.01875 0.059375
0 0.4109375 0.64609375 0.0125 0.046875
0 0.40625 0.528125 0.0125 0.03125
0 0.3734375 0.1265625 0.0078125 0.028125
0 0.3421875 0.40078125 0.009375 0.034375
0 0.47578125 0.33359375 0.009375 0.0390625
0 0.28515625 0.43125 0.0109375 0.0515625
0 0.35 0.3359375 0.0125 0.0390625
0 0.3703125 0.421875 0.0125 0.0515625
0 0.5359375 0.515625 0.015625 0.0390625
0 0.31796875 0.56171875 0.0125 0.0578125
0 0.3203125 0.3671875 0.0109375 0.0546875
0 0.28125 0.38046875 0.0109375 0.0359375
0 0.48125 0.54765625 0.0125 0.0578125
0 0.21171875 0.70390625 0.0109375 0.0421875
0 0.3515625 0.4296875 0.0109375 0.0515625
0 0.040625 0.61640625 0.015625 0.046875
0 0.3390625 0.22109375 0.0078125 0.0359375
0 0.2421875 0.40234375 0.0109375 0.04375
0 0.2546875 0.803125 0.0171875 0.059375
0 0.5890625 0.4359375 0.0078125 0.0421875
0 0.3796875 0.34453125 0.0109375 0.0453125
0 0.346875 0.56484375 0.0125 0.0515625
0 0.4234375 0.18515625 0.0078125 0.0296875
0 0.4921875 0.546875 0.0109375 0.053125
0 0.3796875 0.15859375 0.0078125 0.021875
0 0.2953125 0.809375 0.015625 0.059375
0 0.2953125 0.16171875 0.0078125 0.0296875
0 0.396875 0.58828125 0.0140625 0.0484375
0 0.225 0.43046875 0.009375 0.0359375
0 0.4234375 0.21796875 0.009375 0.034375
0 0.446875 0.54453125 0.0140625 0.05625
0 0.2125 0.50859375 0.0109375 0.05
0 0.0875 0.859375 0.0203125 0.0515625
0 0.2515625 0.175 0.009375 0.0390625
0 0.4671875 0.7453125 0.0203125 0.0625
0 0.2953125 0.21015625 0.0078125 0.0265625
0 0.38203125 0.54296875 0.0109375 0.0390625
0 0.1984375 0.50234375 0.0125 0.0484375
0 0.190625 0.5640625 0.0125 0.0390625
0 0.25625 0.50625 0.0140625 0.046875
0 0.103125 0.21953125 0.0078125 0.034375
0 0.0953125 0.14140625 0.0046875 0.0203125
0 0.090625 0.16640625 0.00625 0.03125
0 0.090625 0.1484375 0.009375 0.028125
0 0.22578125 0.18125 0.00625 0.034375
0 0.221875 0.196875 0.0046875 0.01875
0 0.234375 0.171875 0.00625 0.0234375
0 0.240625 0.19375 0.00625 0.0171875
0 0.24296875 0.2171875 0.00625 0.0328125
0 0.2515625 0.234375 0.0046875 0.034375
0 0.2578125 0.2359375 0.00625 0.03125
0 0.25 0.28515625 0.009375 0.034375
0 0.25390625 0.26015625 0.0078125 0.021875
0 0.26796875 0.1890625 0.0078125 0.034375
0 0.2671875 0.2078125 0.0078125 0.0375
0 0.259375 0.20703125 0.0078125 0.0359375
0 0.2609375 0.13984375 0.00625 0.0328125
0 0.253125 0.08984375 0.00625 0.0265625
0 0.19453125 0.06328125 0.0046875 0.015625
0 0.28125 0.09765625 0.00625 0.0234375
0 0.2828125 0.12890625 0.00625 0.034375
0 0.28125 0.175 0.0078125 0.0359375
0 0.278125 0.196875 0.00625 0.028125
0 0.26640625 0.24765625 0.0078125 0.034375
0 0.35703125 0.22421875 0.0078125 0.034375
0 0.365625 0.22265625 0.00625 0.0328125
0 0.3734375 0.221875 0.0078125 0.0375
0 0.38125 0.22578125 0.00625 0.0296875
0 0.4 0.2140625 0.009375 0.0359375
0 0.4140625 0.209375 0.0078125 0.0328125
0 0.4046875 0.278125 0.0078125 0.0390625
0 0.4171875 0.2828125 0.0078125 0.03125
0 0.425 0.2859375 0.00625 0.0359375
0 0.34765625 0.103125 0.0046875 0.028125
0 0.3234375 0.096875 0.0078125 0.028125
0 0.3171875 0.065625 0.0046875 0.0265625
0 0.28984375 0.06015625 0.0046875 0.0265625
0 0.275 0.153125 0.00625 0.025
0 0.484375 0.225 0.00625 0.0421875
0 0.478125 0.1984375 0.00625 0.0359375
0 0.4671875 0.20390625 0.0078125 0.0359375
0 0.49296875 0.184375 0.00625 0.0296875
0 0.49453125 0.1953125 0.00625 0.0265625
0 0.5234375 0.296875 0.0078125 0.034375
0 0.51875 0.30078125 0.0046875 0.0265625
0 0.5484375 0.2953125 0.0078125 0.04375
0 0.5546875 0.31171875 0.0078125 0.0375
0 0.5640625 0.26484375 0.0046875 0.04375
0 0.571875 0.25859375 0.00625 0.0421875
0 0.575 0.1875 0.0046875 0.034375
0 0.58125 0.190625 0.0046875 0.025
0 0.546875 0.203125 0.0078125 0.0328125
0 0.54453125 0.2328125 0.0046875 0.0375
0 0.55 0.24765625 0.0046875 0.0484375
0 0.5328125 0.453125 0.0078125 0.0515625
0 0.5265625 0.459375 0.0078125 0.04375
0 0.58984375 0.47265625 0.0125 0.0296875
0 0.409375 0.56015625 0.009375 0.040625
0 0.53046875 0.7375 0.021875 0.059375
0 0.546875 0.7296875 0.0125 0.046875
0 0.1203125 0.65078125 0.0171875 0.0515625
0 0.134375 0.56484375 0.009375 0.0328125
0 0.1546875 0.55625 0.0078125 0.0265625
0 0.0703125 0.8171875 0.0171875 0.0515625
0 0.034375 0.69296875 0.01875 0.0609375
0 0.0734375 0.696875 0.015625 0.053125
0 0.084375 0.7046875 0.0140625 0.040625
0 0.03125 0.58984375 0.0109375 0.0328125
0 0.4234375 0.92265625 0.0140625 0.0546875
0 0.2046875 0.07578125 0.00625 0.0203125
0 0.6171875 0.14296875 0.0078125 0.028125
0 0.6234375 0.14296875 0.0046875 0.025
