0 0.70546875 0.21796875 0.046875 0.059375
0 0.171875 0.63046875 0.0546875 0.0390625
0 0.371875 0.67578125 0.053125 0.0375
0 0.46640625 0.43046875 0.0515625 0.0359375
0 0.87734375 0.56640625 0.0546875 0.0390625
0 0.8484375 0.63203125 0.05625 0.0390625
0 0.80546875 0.40859375 0.053125 0.0359375
0 0.18359375 0.3921875 0.0515625 0.0390625
0 0.35703125 0.6078125 0.0484375 0.034375
0 0.86484375 0.265625 0.05 0.0359375
0 0.0125 0.5765625 0.025 0.0390625
0 0.47890625 0.60390625 0.0484375 0.0359375
0 0.178125 0.453125 0.0484375 0.0359375
0 0.14453125 0.56640625 0.1703125 0.0640625
0 0.83828125 0.328125 0.203125 0.0703125
0 0.15078125 0.70703125 0.09375 0.05
0 0.0171875 0.6484375 0.0328125 0.0359375
0 0.6421875 0.00859375 0.0234375 0.015625
0 0.48671875 0.90546875 0.009375 0.0203125
