0 0.34140625 0.38984375 0.05625 0.0609375
0 0.16484375 0.11953125 0.0484375 0.0453125
0 0.2015625 0.02734375 0.046875 0.0421875
0 0.1375 0.190625 0.0578125 0.0515625
0 0.184375 0.06171875 0.0453125 0.0421875
0 0.15546875 0.15859375 0.053125 0.040625
0 0.2015625 0.0078125 0.04375 0.015625
0 0.3515625 0.13828125 0.05 0.0453125
0 0.3625 0.10625 0.046875 0.0453125
0 0.37265625 0.07578125 0.0453125 0.0421875
0 0.3828125 0.0453125 0.046875 0.04375
0 0.39375 0.01875 0.0546875 0.0375
0 0.40625 0.18671875 0.0171875 0.0421875
