0 0.61484375 0.3375 0.028125 0.065625
0 0.1203125 0.2515625 0.034375 0.0625
0 0.08125 0.31875 0.028125 0.0515625
0 0.1078125 0.3734375 0.028125 0.05625
0 0.1375 0.43203125 0.0328125 0.0625
0 0.165625 0.48515625 0.028125 0.05625
0 0.13828125 0.52890625 0.0125 0.0109375
0 0.16171875 0.58359375 0.0125 0.009375
0 0.32890625 0.85234375 0.00625 0.0109375
0 0.58828125 0.0515625 0.0390625 0.0359375
0 0.84609375 0.9203125 0.0296875 0.053125
0 0.87578125 0.971875 0.0296875 0.053125
0 0.8203125 0.8609375 0.0078125 0.028125
0 0.81171875 0.85078125 0.0109375 0.0328125
0 0.80625 0.83515625 0.0109375 0.03125
0 0.796875 0.81796875 0.009375 0.034375
0 0.79140625 0.80390625 0.0078125 0.028125
0 0.78671875 0.79296875 0.0078125 0.0265625
0 0.628125 0.78125 0.00625 0.009375
