0 0.496875 0.2453125 0.034375 0.028125
0 0.3203125 0.984375 0.1171875 0.03125
0 0.59609375 0.15625 0.0734375 0.04375
0 0.0265625 0.9921875 0.0359375 0.0125
0 0.6 0.6171875 0.0625 0.034375
0 0.56640625 0.30546875 0.1453125 0.05
0 0.1109375 0.015625 0.021875 0.03125
0 0.496875 0.2453125 0.0328125 0.028125
0 0.025 0.859375 0.0296875 0.025
0 0.1609375 0.47109375 0.0140625 0.05625
0 0.325 0.9109375 0.0625 0.04375
0 0.3203125 0.86484375 0.1203125 0.0609375
0 0.02265625 0.90546875 0.034375 0.028125
0 0.01171875 0.7484375 0.0234375 0.0265625
0 0.4984375 0.215625 0.03125 0.0234375
0 0.31875 0.48671875 0.1296875 0.0515625
0 0.1109375 0.8890625 0.0296875 0.0265625
0 0.5390625 0.2453125 0.03125 0.025
0 0.5265625 0.9859375 0.0359375 0.0265625
0 0.0125 0.01640625 0.0234375 0.0328125
0 0.29453125 0.6859375 0.0703125 0.040625
0 0.31015625 0.2 0.0328125 0.028125
0 0.0484375 0.015625 0.028125 0.03125
0 0.0234375 0.9546875 0.034375 0.0265625
0 0.315625 0.56171875 0.11875 0.04375
0 0.353125 0.19921875 0.0328125 0.0265625
0 0.54296875 0.2015625 0.03125 0.025
0 0.35546875 0.240625 0.0328125 0.0265625
0 0.31484375 0.42890625 0.1234375 0.04375
0 0.3140625 0.621875 0.11875 0.0421875
0 0.31875 0.7953125 0.1234375 0.0609375
0 0.31328125 0.29765625 0.1234375 0.0578125
