0 0.03125 0.5734375 0.03125 0.034375
0 0.2484375 0.478125 0.0296875 0.0140625
0 0.340625 0.47109375 0.025 0.03125
0 0.3421875 0.51328125 0.0203125 0.028125
0 0.32109375 0.5453125 0.03125 0.0296875
0 0.33984375 0.5859375 0.01875 0.034375
0 0.4140625 0.58203125 0.034375 0.0375
0 0.68046875 0.5046875 0.03125 0.0359375
0 0.7609375 0.57421875 0.0390625 0.0359375
0 0.83984375 0.471875 0.05 0.03125
0 0.83125 0.50625 0.040625 0.028125
0 0.8921875 0.46328125 0.0453125 0.03125
0 0.90546875 0.50703125 0.05 0.03125
0 0.9 0.5484375 0.046875 0.025
0 0.83671875 0.546875 0.046875 0.03125
0 0.8609375 0.5890625 0.0421875 0.028125
0 0.90625 0.58671875 0.0453125 0.0265625
