0 0.06171875 0.35546875 0.034375 0.0359375
0 0.33984375 0.00703125 0.03125 0.0109375
0 0.15859375 0.009375 0.0359375 0.015625
0 0.25 0.01015625 0.034375 0.01875
0 0.115625 0.0109375 0.0375 0.0203125
0 0.94375 0.67578125 0.084375 0.06875
0 0.11015625 0.71328125 0.1703125 0.1046875
0 0.44609375 0.7328125 0.0140625 0.021875
0 0.5609375 0.709375 0.0171875 0.025
0 0.56875 0.81953125 0.0125 0.021875
0 0.62890625 0.8171875 0.0125 0.01875
0 0.74296875 0.4453125 0.01875 0.0140625
0 0.74140625 0.49921875 0.015625 0.0171875
0 0.76875 0.49921875 0.0125 0.015625
0 0.81015625 0.5078125 0.015625 0.028125
0 0.82109375 0.47421875 0.0234375 0.01875
0 0.79296875 0.8125 0.015625 0.0234375
0 0.5171875 0.75625 0.125 0.1390625
