0 0.80390625 0.97734375 0.0171875 0.0328125
0 0.05234375 0.728125 0.015625 0.01875
0 0.80703125 0.96875 0.0171875 0.03125
0 0.08984375 0.72890625 0.0125 0.025
0 0.509375 0.759375 0.015625 0.021875
0 0.5953125 0.7875 0.0109375 0.0421875
0 0.071875 0.72734375 0.0125 0.0234375
0 0.1046875 0.73203125 0.0125 0.028125
0 0.62109375 0.84296875 0.009375 0.0234375
0 0.5515625 0.09609375 0.0109375 0.025
0 0.58125 0.246875 0.01875 0.021875
0 0.096875 0.7671875 0.0171875 0.028125
0 0.159375 0.87421875 0.015625 0.0203125
