0 0.63359375 0.59453125 0.0078125 0.0078125
0 0.43671875 0.55703125 0.0078125 0.009375
0 0.63125 0.446875 0.0046875 0.0109375
0 0.6203125 0.596875 0.0078125 0.0078125
0 0.63515625 0.5078125 0.0078125 0.0109375
0 0.58984375 0.3984375 0.025 0.0703125
0 0.540625 0.51953125 0.096875 0.040625
0 0.659375 0.64375 0.025 0.0265625
0 0.46796875 0.52109375 0.0734375 0.0453125
0 0.17109375 0.428125 0.0375 0.0296875
0 0.24140625 0.43125 0.0421875 0.03125
0 0.04296875 0.43203125 0.0359375 0.0296875
0 0.6328125 0.3015625 0.078125 0.115625
