0 0.01328125 0.36171875 0.025 0.025
0 0.12578125 0.2890625 0.015625 0.025
0 0.24609375 0.2890625 0.01875 0.0234375
0 0.25234375 0.19453125 0.0171875 0.0234375
0 0.52890625 0.12421875 0.0109375 0.025
0 0.57109375 0.44296875 0.0109375 0.025
0 0.34296875 0.68828125 0.0125 0.03125
0 0.31484375 0.7109375 0.0125 0.015625
0 0.3203125 0.775 0.0140625 0.0171875
0 0.1796875 0.77578125 0.0140625 0.0296875
0 0.1515625 0.69453125 0.021875 0.0234375
0 0.55859375 0.53671875 0.0125 0.0203125
0 0.3015625 0.02265625 0.0171875 0.0265625
0 0.14296875 0.01640625 0.0171875 0.0265625
