0 0.68359375 0.01640625 0.04375 0.0328125
0 0.69140625 0.46484375 0.0625 0.0640625
0 0.265625 0.57109375 0.0671875 0.0546875
0 0.35078125 0.671875 0.06875 0.059375
0 0.934375 0.84296875 0.0796875 0.1046875
0 0.0578125 0.49296875 0.06875 0.05625
0 0.42421875 0.55703125 0.0625 0.0609375
0 0.2921875 0.4765625 0.065625 0.053125
0 0.51875 0.4125 0.0671875 0.0625
0 0.63515625 0.76640625 0.06875 0.053125
0 0.8046875 0.7328125 0.0734375 0.065625
0 0.378125 0.7953125 0.065625 0.053125
0 0.953125 0.45234375 0.0671875 0.078125
0 0.58203125 0.60234375 0.065625 0.0703125
0 0.05625 0.79765625 0.0703125 0.0515625
0 0.9125 0.34765625 0.06875 0.071875
0 0.24453125 0.7921875 0.0703125 0.0578125
0 0.8453125 0.28125 0.075 0.08125
