0 0.68671875 0.62109375 0.015625 0.0171875
0 0.43359375 0.409375 0.0125 0.0125
0 0.88671875 0.775 0.015625 0.0125
0 0.31875 0.36015625 0.0125 0.0140625
0 0.6859375 0.62109375 0.015625 0.0171875
0 0.41796875 0.36796875 0.0140625 0.0171875
0 0.13515625 0.94765625 0.0328125 0.0671875
0 0.58671875 0.578125 0.046875 0.059375
0 0.68828125 0.7546875 0.0359375 0.046875
0 0.225 0.7109375 0.034375 0.075
0 0.36171875 0.3546875 0.0359375 0.053125
0 0.84921875 0.8921875 0.0421875 0.053125
0 0.15546875 0.1640625 0.040625 0.0625
0 0.19375 0.79375 0.0359375 0.06875
0 0.165625 0.86640625 0.0296875 0.0640625
0 0.82734375 0.7875 0.046875 0.05625
