0 0.9453125 0.0375 0.065625 0.071875
0 0.60078125 0.33125 0.0265625 0.03125
0 0.8734375 0.53125 0.0625 0.14375
0 0.5765625 0.1390625 0.1046875 0.1421875
0 0.8140625 0.06953125 0.1046875 0.1390625
0 0.5578125 0.1828125 0.1078125 0.1546875
0 0.39765625 0.36796875 0.1234375 0.0921875
0 0.965625 0.52734375 0.06875 0.190625
0 0.55546875 0.73984375 0.0703125 0.16875
0 0.309375 0.8453125 0.0875 0.196875
0 0.44609375 0.75859375 0.08125 0.2
0 0.721875 0.6609375 0.0828125 0.19375
0 0.390625 0.80703125 0.084375 0.203125
0 0.2765625 0.68359375 0.1265625 0.0953125
0 0.51875 0.7453125 0.08125 0.196875
0 0.7328125 0.103125 0.10625 0.1453125
0 0.909375 0.53359375 0.0875 0.1921875
0 0.66640625 0.1078125 0.103125 0.15625
0 0.7734375 0.08125 0.1 0.1625
0 0.621875 0.1203125 0.1015625 0.1578125
