0 0.59765625 0.97109375 0.0375 0.0578125
0 0.421875 0.16953125 0.034375 0.1078125
0 0.58203125 0.1015625 0.0125 0.021875
0 0.58515625 0.06796875 0.0125 0.0265625
0 0.5875 0.02421875 0.0125 0.04375
0 0.62890625 0.0296875 0.0125 0.0328125
0 0.51015625 0.10703125 0.015625 0.046875
0 0.58125 0.20703125 0.015625 0.0421875
0 0.6078125 0.015625 0.0125 0.0265625
0 0.653125 0.0546875 0.0234375 0.0890625
0 0.58046875 0.26640625 0.015625 0.0390625
0 0.58359375 0.1453125 0.0125 0.0375
0 0.47578125 0.04453125 0.015625 0.034375
0 0.47734375 0.09765625 0.0234375 0.0984375
0 0.51640625 0.046875 0.0125 0.03125
0 0.7109375 0.8859375 0.0578125 0.228125
0 0.63203125 0.1140625 0.0140625 0.034375
0 0.4140625 0.89453125 0.04375 0.16875
0 0.484375 0.28828125 0.01875 0.05625
0 0.60703125 0.19140625 0.0171875 0.0421875
0 0.4078125 0.6375 0.0296875 0.08125
0 0.64140625 0.3953125 0.01875 0.0625
0 0.634375 0.2328125 0.0171875 0.0421875
0 0.409375 0.39296875 0.021875 0.059375
0 0.60546875 0.28203125 0.0171875 0.04375
0 0.60703125 0.43828125 0.0203125 0.0671875
0 0.44140625 0.3765625 0.021875 0.0578125
0 0.6171875 0.77265625 0.025 0.090625
0 0.68828125 0.62265625 0.025 0.0734375
