0 0.6921875 0.22890625 0.0296875 0.0578125
0 0.75234375 0.490625 0.0078125 0.015625
0 0.8484375 0.009375 0.0125 0.015625
0 0.64453125 0.259375 0.0078125 0.0125
0 0.90078125 0.01015625 0.0125 0.0140625
0 0.8484375 0.009375 0.0125 0.015625
0 0.7171875 0.4703125 0.009375 0.01875
0 0.984375 0.97265625 0.021875 0.0484375
0 0.72265625 0.46171875 0.0078125 0.0171875
0 0.65859375 0.2640625 0.0078125 0.0125
0 0.65 0.3328125 0.0078125 0.0125
0 0.6671875 0.24140625 0.0078125 0.0140625
0 0.7109375 0.43984375 0.0078125 0.0140625
0 0.5921875 0.2984375 0.00625 0.0125
0 0.56875 0.5375 0.0078125 0.015625
0 0.521875 0.59609375 0.0078125 0.0140625
0 0.69765625 0.390625 0.0046875 0.01875
0 0.65859375 0.390625 0.009375 0.015625
0 0.7171875 0.23359375 0.028125 0.0421875
0 0.628125 0.33671875 0.0078125 0.0140625
0 0.7921875 0.07734375 0.015625 0.0265625
0 0.3875 0.1296875 0.01875 0.034375
0 0.77421875 0.0984375 0.015625 0.025
0 0.8859375 0.01640625 0.0203125 0.0234375
0 0.51875 0.31640625 0.0265625 0.0359375
0 0.809375 0.11875 0.021875 0.03125
0 0.76484375 0.48125 0.025 0.0375
0 0.71796875 0.165625 0.01875 0.025
0 0.60859375 0.34296875 0.0234375 0.0328125
0 0.315625 0.078125 0.015625 0.034375
0 0.56875 0.31875 0.025 0.0375
0 0.53984375 0.53828125 0.0265625 0.0390625
0 0.75625 0.184375 0.0203125 0.03125
0 0.54765625 0.36875 0.01875 0.040625
0 0.63125 0.4296875 0.0265625 0.040625
0 0.5171875 0.52890625 0.028125 0.0390625
0 0.9796875 0.7078125 0.0390625 0.05
0 0.20859375 0.94375 0.0375 0.05
0 0.3296875 0.80546875 0.034375 0.0484375
0 0.68671875 0.4609375 0.028125 0.040625
0 0.46484375 0.58828125 0.0734375 0.1140625
