0 0.05 0.85 0.0359375 0.06875
0 0.9859375 0.3078125 0.00625 0.0109375
0 0.278125 0.76796875 0.00625 0.009375
0 0.809375 0.96796875 0.00625 0.0125
0 0.1421875 0.7296875 0.009375 0.0078125
0 0.9515625 0.79375 0.009375 0.009375
0 0.13203125 0.796875 0.034375 0.03125
0 0.04375 0.9390625 0.0375 0.0359375
0 0.1328125 0.75234375 0.0328125 0.0390625
0 0.99375 0.0453125 0.0125 0.059375
0 0.7859375 0.0421875 0.015625 0.0609375
0 0.0859375 0.4265625 0.034375 0.0265625
0 0.8140625 0.03125 0.021875 0.059375
0 0.05625 0.71875 0.0375 0.03125
0 0.95546875 0.4203125 0.0375 0.03125
0 0.9453125 0.0390625 0.0234375 0.059375
0 0.04921875 0.82890625 0.0375 0.028125
0 0.05 0.86796875 0.0359375 0.03125
0 0.95 0.465625 0.0375 0.03125
0 0.0375 0.50703125 0.0375 0.034375
0 0.81328125 0.4859375 0.01875 0.059375
0 0.359375 0.70546875 0.0359375 0.04375
0 0.05234375 0.75 0.0375 0.0359375
0 0.8640625 0.03203125 0.0171875 0.0625
0 0.9203125 0.03828125 0.021875 0.05625
0 0.96875 0.04375 0.0171875 0.059375
0 0.1359375 0.553125 0.0375 0.0359375
0 0.91953125 0.571875 0.03125 0.0671875
0 0.54296875 0.190625 0.053125 0.04375
0 0.29296875 0.37578125 0.0328125 0.0390625
0 0.8953125 0.03359375 0.0234375 0.059375
0 0.88515625 0.42578125 0.0375 0.0421875
0 0.4734375 0.83828125 0.0328125 0.05625
0 0.2046875 0.5859375 0.0359375 0.034375
0 0.696875 0.97265625 0.0265625 0.0515625
0 0.28671875 0.640625 0.0359375 0.0390625
0 0.40703125 0.85546875 0.03125 0.053125
0 0.95390625 0.67265625 0.0390625 0.0421875
0 0.690625 0.23359375 0.0421875 0.05
0 0.278125 0.7765625 0.00625 0.0078125
0 0.1203125 0.91953125 0.0375 0.04375
0 0.12734375 0.87421875 0.0390625 0.0390625
