0 0.05078125 0.5875 0.021875 0.05625
0 0.034375 0.6953125 0.0203125 0.05625
0 0.0125 0.82109375 0.0234375 0.0671875
0 0.01328125 0.3765625 0.0265625 0.0375
0 0.071875 0.19765625 0.0359375 0.0359375
0 0.11875 0.225 0.0359375 0.0375
0 0.1921875 0.2640625 0.0375 0.04375
0 0.4140625 0.59609375 0.0390625 0.0390625
0 0.40078125 0.3703125 0.03125 0.034375
0 0.44609375 0.39765625 0.0328125 0.0390625
0 0.621875 0.39140625 0.0234375 0.0640625
0 0.63984375 0.31640625 0.021875 0.0671875
0 0.6875 0.02421875 0.021875 0.0453125
0 0.67734375 0.09140625 0.0234375 0.0671875
0 0.66328125 0.16484375 0.025 0.0703125
0 0.69375 0.415625 0.021875 0.0625
0 0.89921875 0.64765625 0.0421875 0.0390625
0 0.8515625 0.628125 0.0359375 0.040625
0 0.8078125 0.59609375 0.00625 0.0234375
0 0.7921875 0.58984375 0.0078125 0.0234375
0 0.778125 0.5828125 0.0046875 0.021875
0 0.77109375 0.5796875 0.0046875 0.021875
0 0.76328125 0.5765625 0.00625 0.025
0 0.7546875 0.571875 0.0046875 0.028125
0 0.75078125 0.56953125 0.00625 0.0234375
0 0.74375 0.5671875 0.0046875 0.021875
0 0.73828125 0.565625 0.00625 0.021875
0 0.73125 0.56171875 0.0046875 0.0203125
0 0.72421875 0.55859375 0.0046875 0.0234375
0 0.7125 0.5421875 0.0046875 0.021875
0 0.70625 0.5390625 0.0046875 0.021875
0 0.8015625 0.80078125 0.0078125 0.0234375
0 0.78125 0.78984375 0.00625 0.0203125
0 0.76953125 0.78671875 0.00625 0.0234375
0 0.76328125 0.7859375 0.00625 0.021875
0 0.740625 0.7671875 0.0046875 0.021875
0 0.725 0.7625 0.0046875 0.021875
0 0.6953125 0.74375 0.00625 0.01875
0 0.66171875 0.7375 0.00625 0.021875
0 0.65625 0.7359375 0.00625 0.025
0 0.6515625 0.72890625 0.0046875 0.0203125
0 0.64296875 0.728125 0.0046875 0.01875
0 0.60390625 0.70859375 0.0046875 0.0171875
0 0.596875 0.69921875 0.00625 0.0203125
0 0.58359375 0.6953125 0.0046875 0.021875
0 0.56875 0.684375 0.00625 0.021875
0 0.55703125 0.67734375 0.00625 0.0203125
0 0.528125 0.6609375 0.0046875 0.015625
0 0.546875 0.671875 0.0046875 0.01875
0 0.48359375 0.6390625 0.0046875 0.01875
0 0.478125 0.6359375 0.0046875 0.01875
0 0.45859375 0.625 0.00625 0.021875
