0 0.60390625 0.01171875 0.015625 0.0234375
0 0.99140625 0.55546875 0.0171875 0.0265625
0 0.990625 0.52578125 0.01875 0.025
0 0.5421875 0.775 0.03125 0.096875
0 0.0109375 0.22578125 0.021875 0.0984375
0 0.41875 0.58671875 0.0421875 0.1015625
0 0.609375 0.16328125 0.0203125 0.059375
0 0.6140625 0.31875 0.0203125 0.0609375
0 0.4921875 0.91953125 0.04375 0.046875
0 0.58046875 0.14453125 0.0046875 0.0125
0 0.603125 0.1328125 0.0078125 0.0171875
0 0.46484375 0.5359375 0.0046875 0.0046875
0 0.45390625 0.56796875 0.00625 0.015625
0 0.478125 0.65859375 0.00625 0.0078125
0 0.615625 0.69296875 0.0046875 0.0109375
0 0.4359375 0.43828125 0.00625 0.0125
