0 0.26640625 0.79609375 0.053125 0.078125
0 0.325 0.9578125 0.059375 0.08125
0 0.6796875 0.54609375 0.05 0.0703125
0 0.22421875 0.68203125 0.0515625 0.0703125
0 0.61640625 0.746875 0.046875 0.0671875
0 0.309375 0.909375 0.0515625 0.08125
0 0.19140625 0.60390625 0.053125 0.0703125
0 0.44296875 0.73203125 0.04375 0.075
0 0.20234375 0.65 0.05 0.0671875
0 0.3484375 0.53515625 0.046875 0.065625
0 0.40703125 0.6546875 0.046875 0.071875
0 0.45859375 0.77421875 0.05 0.0796875
0 0.42578125 0.6921875 0.0484375 0.08125
0 0.596875 0.78125 0.0515625 0.071875
0 0.25859375 0.3421875 0.046875 0.059375
0 0.63203125 0.640625 0.05 0.0640625
0 0.27421875 0.37421875 0.0421875 0.059375
0 0.33125 0.50078125 0.0421875 0.059375
0 0.625 0.6921875 0.05 0.0671875
0 0.47890625 0.81953125 0.0515625 0.0890625
0 0.73515625 0.415625 0.046875 0.0625
0 0.70234375 0.48046875 0.05 0.0625
0 0.34375 0.98671875 0.0390625 0.021875
0 0.1921875 0.378125 0.009375 0.021875
0 0.19453125 0.3703125 0.009375 0.021875
0 0.7109375 0.8 0.0546875 0.109375
0 0.73359375 0.79453125 0.0078125 0.0203125
0 0.6921875 0.8390625 0.0125 0.021875
0 0.753125 0.40078125 0.009375 0.0203125
