0 0.07109375 0.321875 0.0421875 0.0328125
0 0.54453125 0.37421875 0.0609375 0.040625
0 0.07109375 0.3234375 0.0421875 0.034375
0 0.02734375 0.19765625 0.0546875 0.0546875
0 0.83984375 0.26640625 0.071875 0.0421875
0 0.8484375 0.60546875 0.0578125 0.0390625
0 0.99453125 0.271875 0.0109375 0.0359375
0 0.55859375 0.70859375 0.046875 0.034375
0 0.88671875 0.328125 0.06875 0.0453125
0 0.7640625 0.3796875 0.0578125 0.040625
0 0.6390625 0.65859375 0.0359375 0.028125
0 0.23984375 0.36875 0.025 0.025
0 0.0640625 0.540625 0.075 0.040625
0 0.10390625 0.25859375 0.08125 0.046875
0 0.9421875 0.38203125 0.0421875 0.0296875
0 0.01015625 0.59375 0.0203125 0.0328125
0 0.4453125 0.703125 0.0578125 0.0359375
0 0.63359375 0.5390625 0.0390625 0.0265625
0 0.88515625 0.21328125 0.05625 0.040625
0 0.2 0.171875 0.04375 0.034375
0 0.9140625 0.8265625 0.0390625 0.028125
0 0.63046875 0.80546875 0.0390625 0.0265625
0 0.4109375 0.20703125 0.0953125 0.0484375
0 0.27421875 0.3140625 0.0453125 0.03125
0 0.090625 0.37421875 0.0375 0.03125
0 0.8921875 0.4390625 0.0390625 0.0296875
0 0.38125 0.7796875 0.0375 0.028125
0 0.1765625 0.75859375 0.040625 0.028125
0 0.23203125 0.596875 0.05 0.0359375
0 0.08203125 0.64140625 0.0421875 0.028125
0 0.74140625 0.80234375 0.0359375 0.028125
0 0.57734375 0.43203125 0.0390625 0.0296875
0 0.58359375 0.59453125 0.0421875 0.03125
0 0.36171875 0.64765625 0.040625 0.03125
0 0.25234375 0.42578125 0.040625 0.03125
0 0.2375 0.26328125 0.0375 0.0296875
0 0.69921875 0.32265625 0.04375 0.03125
0 0.12265625 0.20390625 0.0390625 0.0296875
0 0.509375 0.32890625 0.0390625 0.03125
0 0.81796875 0.55 0.040625 0.0296875
0 0.42578125 0.59921875 0.0390625 0.028125
0 0.2875 0.546875 0.0421875 0.03125
0 0.5703125 0.23203125 0.0421875 0.0375
0 0.8046875 0.70703125 0.05 0.034375
0 0.23828125 0.659375 0.0421875 0.03125
0 0.27734375 0.22109375 0.0375 0.03125
0 0.77421875 0.21796875 0.0421875 0.03125
0 0.4453125 0.2734375 0.0421875 0.03125
