0 0.265625 0.3890625 0.00625 0.021875
0 0.7234375 0.00625 0.0140625 0.0109375
0 0.971875 0.1109375 0.0203125 0.0703125
0 0.99140625 0.06640625 0.0171875 0.0671875
0 0.86015625 0.17109375 0.0234375 0.05625
0 0.13984375 0.83046875 0.015625 0.046875
0 0.45 0.48125 0.03125 0.053125
0 0.553125 0.421875 0.0328125 0.0421875
0 0.7421875 0.3 0.0265625 0.0546875
0 0.09765625 0.74765625 0.015625 0.0640625
0 0.29921875 0.55390625 0.03125 0.0359375
0 0.64296875 0.06953125 0.0359375 0.05
0 0.634375 0.37265625 0.0203125 0.0578125
0 0.69921875 0.32734375 0.0359375 0.0390625
