0 0.49765625 0.125 0.021875 0.0578125
0 0.63203125 0.01171875 0.015625 0.01875
0 0.4921875 0.01796875 0.0171875 0.0328125
0 0.33125 0.53984375 0.040625 0.1296875
0 0.65546875 0.090625 0.01875 0.0421875
0 0.58671875 0.06875 0.015625 0.034375
0 0.5875 0.01328125 0.0140625 0.021875
0 0.65859375 0.0171875 0.0234375 0.0328125
0 0.61015625 0.16015625 0.0171875 0.05
0 0.41328125 0.553125 0.0296875 0.0828125
0 0.7203125 0.87421875 0.0671875 0.25
0 0.63984375 0.2203125 0.01875 0.05
0 0.64765625 0.39453125 0.0203125 0.0640625
0 0.609375 0.259375 0.0171875 0.0515625
0 0.4390625 0.16484375 0.0203125 0.0484375
0 0.4484375 0.2640625 0.0203125 0.05625
0 0.61171875 0.4578125 0.0234375 0.078125
0 0.6953125 0.578125 0.0265625 0.078125
0 0.62265625 0.859375 0.028125 0.109375
