0 0.6203125 0.32421875 0.0046875 0.0078125
0 0.6796875 0.34765625 0.00625 0.0078125
0 0.67578125 0.76796875 0.00625 0.0078125
0 0.4796875 0.7265625 0.0046875 0.009375
0 0.58984375 0.790625 0.0078125 0.0125
0 0.9890625 0.67578125 0.009375 0.0109375
0 0.92421875 0.44296875 0.0109375 0.0109375
0 0.9359375 0.63046875 0.0140625 0.0109375
0 0.6453125 0.58515625 0.0421875 0.0296875
0 0.56953125 0.8671875 0.0046875 0.009375
0 0.565625 0.8765625 0.0078125 0.0125
0 0.571875 0.87578125 0.0046875 0.0109375
