0 0.99453125 0.503125 0.0109375 0.03125
0 0.83125 0.36875 0.025 0.0296875
0 0.56953125 0.465625 0.0421875 0.034375
0 0.7265625 0.49296875 0.0421875 0.03125
0 0.96171875 0.46328125 0.0421875 0.0328125
0 0.7171875 0.4609375 0.0234375 0.0296875
0 0.43125 0.4390625 0.0171875 0.0234375
0 0.68203125 0.4765625 0.040625 0.0328125
0 0.64453125 0.453125 0.03125 0.0328125
0 0.6171875 0.56171875 0.0265625 0.028125
0 0.63984375 0.540625 0.0296875 0.0359375
0 0.76953125 0.4609375 0.0375 0.0328125
0 0.5734375 0.696875 0.021875 0.03125
0 0.6 0.509375 0.0203125 0.034375
0 0.621875 0.62421875 0.0234375 0.0359375
0 0.621875 0.69296875 0.0234375 0.03125
0 0.634375 0.49296875 0.0375 0.0328125
0 0.64296875 0.4 0.025 0.040625
0 0.553125 0.321875 0.0171875 0.0328125
0 0.559375 0.56640625 0.0234375 0.034375
0 0.75234375 0.2828125 0.0296875 0.028125
0 0.7109375 0.3953125 0.0296875 0.03125
0 0.515625 0.490625 0.0359375 0.034375
0 0.675 0.5234375 0.025 0.0359375
0 0.71953125 0.33671875 0.0234375 0.03125
0 0.8109375 0.66875 0.034375 0.034375
0 0.4390625 0.475 0.025 0.03125
0 0.5578125 0.515625 0.040625 0.034375
0 0.609375 0.4390625 0.0203125 0.0359375
0 0.3953125 0.421875 0.01875 0.0375
0 0.6859375 0.6765625 0.025 0.0359375
0 0.6828125 0.61875 0.0203125 0.0390625
0 0.81015625 0.54453125 0.0234375 0.0328125
0 0.83203125 0.6078125 0.04375 0.034375
0 0.8625 0.4703125 0.034375 0.0359375
0 0.29609375 0.48984375 0.0390625 0.0296875
0 0.746875 0.83984375 0.0390625 0.0375
0 0.56953125 0.63203125 0.03125 0.03125
0 0.7328125 0.60625 0.0328125 0.034375
0 0.2578125 0.52734375 0.0375 0.0328125
0 0.8265625 0.49453125 0.0390625 0.034375
0 0.375 0.4734375 0.03125 0.0359375
0 0.88515625 0.38984375 0.0375 0.0328125
0 0.953125 0.55703125 0.0453125 0.0359375
