0 0.0078125 0.45625 0.015625 0.021875
0 0.9890625 0.46328125 0.021875 0.034375
0 0.91953125 0.584375 0.034375 0.028125
0 0.4890625 0.31328125 0.021875 0.0296875
0 0.18125 0.4234375 0.0515625 0.0328125
0 0.728125 0.52578125 0.0203125 0.034375
0 0.51328125 0.4609375 0.0296875 0.0265625
0 0.3609375 0.57421875 0.034375 0.03125
0 0.634375 0.49765625 0.01875 0.03125
0 0.12890625 0.5421875 0.05 0.03125
0 0.75703125 0.46171875 0.0203125 0.034375
0 0.97109375 0.53984375 0.0484375 0.0359375
0 0.24921875 0.534375 0.05 0.0359375
0 0.4421875 0.44765625 0.0296875 0.03125
0 0.84296875 0.41953125 0.04375 0.0390625
0 0.35625 0.48515625 0.0328125 0.03125
0 0.74765625 0.603125 0.03125 0.0359375
0 0.121875 0.4703125 0.0421875 0.034375
