0 0.096875 0.30390625 0.0796875 0.0625
0 0.040625 0.75 0.0609375 0.040625
0 0.0046875 0.13828125 0.009375 0.0453125
0 0.4546875 0.11328125 0.1640625 0.0875
0 0.86484375 0.3375 0.0703125 0.046875
0 0.14609375 0.753125 0.0625 0.046875
0 0.43203125 0.7453125 0.0640625 0.0515625
0 0.78125 0.759375 0.0640625 0.046875
0 0.20625 0.39609375 0.0640625 0.0515625
0 0.3546875 0.56640625 0.078125 0.0515625
0 0.85390625 0.42421875 0.0546875 0.04375
0 0.88125 0.88203125 0.0484375 0.0953125
0 0.76328125 0.15703125 0.0625 0.0484375
0 0.34765625 0.22421875 0.0546875 0.04375
0 0.45234375 0.3640625 0.0515625 0.05
0 0.859375 0.128125 0.065625 0.0453125
0 0.01484375 0.40703125 0.0296875 0.0453125
0 0.1375 0.14296875 0.0578125 0.046875
0 0.3640625 0.30859375 0.05 0.040625
0 0.675 0.328125 0.0609375 0.046875
0 0.6234375 0.74609375 0.065625 0.05
0 0.64453125 0.140625 0.084375 0.0578125
0 0.721875 0.24296875 0.059375 0.0484375
0 0.45390625 0.221875 0.0609375 0.046875
0 0.25625 0.7328125 0.0671875 0.046875
0 0.8296875 0.228125 0.0609375 0.0484375
0 0.0640625 0.23046875 0.0640625 0.05
0 0.2109375 0.2265625 0.0640625 0.046875
