0 0.3703125 0.984375 0.034375 0.028125
0 0.203125 0.9875 0.034375 0.0234375
0 0.075 0.04375 0.046875 0.084375
0 0.3765625 0.03984375 0.0375 0.078125
0 0.06328125 0.490625 0.0625 0.1890625
0 0.64921875 0.9578125 0.0359375 0.084375
0 0.60234375 0.8109375 0.0359375 0.1390625
0 0.1375 0.0609375 0.04375 0.121875
0 0.71796875 0.27265625 0.046875 0.1421875
0 0.20703125 0.5890625 0.0375 0.1265625
0 0.628125 0.5359375 0.0390625 0.1234375
0 0.69765625 0.503125 0.0390625 0.1421875
0 0.43515625 0.88515625 0.0328125 0.1421875
0 0.6796875 0.740625 0.0421875 0.1671875
0 0.06484375 0.759375 0.0515625 0.16875
0 0.73828125 0.0671875 0.04375 0.13125
0 0.65 0.35078125 0.0421875 0.1328125
0 0.196875 0.1046875 0.040625 0.1625
0 0.2109375 0.31484375 0.0421875 0.159375
0 0.30234375 0.39296875 0.040625 0.165625
0 0.1390625 0.36875 0.046875 0.1609375
0 0.14375 0.8859375 0.04375 0.1515625
0 0.6875 0.07578125 0.0421875 0.1390625
0 0.203125 0.81796875 0.0421875 0.15625
