0 0.3234375 0.72890625 0.0359375 0.075
0 0.3703125 0.7015625 0.046875 0.0796875
0 0.98984375 0.62890625 0.0203125 0.0671875
0 0.22265625 0.7265625 0.0578125 0.1359375
0 0.09296875 0.60625 0.0796875 0.05625
0 0.02421875 0.415625 0.0484375 0.05625
0 0.90703125 0.5859375 0.0734375 0.059375
0 0.98203125 0.48984375 0.0359375 0.0640625
0 0.4421875 0.56328125 0.0859375 0.059375
0 0.10625 0.40625 0.0734375 0.0515625
0 0.50625 0.38203125 0.084375 0.0625
0 0.01796875 0.60546875 0.0359375 0.0546875
0 0.91484375 0.3734375 0.084375 0.0609375
0 0.27265625 0.7265625 0.0671875 0.140625
0 0.2 0.39296875 0.075 0.0546875
0 0.5875 0.56484375 0.071875 0.0546875
0 0.10703125 0.73828125 0.0625 0.1078125
0 0.3734375 0.46640625 0.0765625 0.0515625
0 0.86015625 0.47109375 0.06875 0.0515625
0 0.38515625 0.38828125 0.071875 0.053125
0 0.31796875 0.58359375 0.0765625 0.05625
0 0.6953125 0.47109375 0.078125 0.053125
0 0.646875 0.38203125 0.075 0.0515625
0 0.25234375 0.48125 0.0796875 0.0578125
0 0.209375 0.58203125 0.0734375 0.0546875
0 0.1546875 0.48671875 0.0765625 0.05625
0 0.5359375 0.46328125 0.0765625 0.0546875
0 0.7109375 0.57421875 0.0796875 0.0578125
0 0.16953125 0.73984375 0.065625 0.1140625
0 0.03671875 0.5109375 0.06875 0.0578125
0 0.2890625 0.38984375 0.0671875 0.053125
0 0.6453125 0.17578125 0.2625 0.0890625
