0 0.0609375 0.746875 0.025 0.08125
0 0.09375 0.74140625 0.025 0.0828125
0 0.3515625 0.32265625 0.0453125 0.04375
0 0.3625 0.03515625 0.0203125 0.0578125
0 0.3828125 0.03359375 0.01875 0.0546875
0 0.18828125 0.0921875 0.040625 0.0296875
0 0.1890625 0.0640625 0.0390625 0.028125
0 0.3828125 0.46015625 0.0453125 0.0453125
0 0.33828125 0.0375 0.0203125 0.0609375
0 0.62265625 0.009375 0.01875 0.0171875
0 0.3640625 0.3859375 0.034375 0.0453125
0 0.59921875 0.0109375 0.01875 0.0203125
0 0.19140625 0.03671875 0.0375 0.028125
0 0.30234375 0.17578125 0.03125 0.0390625
0 0.3359375 0.23046875 0.040625 0.0484375
0 0.31796875 0.203125 0.0328125 0.0421875
0 0.18359375 0.125 0.0390625 0.03125
0 0.3 0.14609375 0.0359375 0.0359375
0 0.2421875 0.23828125 0.034375 0.0953125
0 0.2921875 0.015625 0.0078125 0.028125
0 0.190625 0.01328125 0.0421875 0.0265625
0 0.42734375 0.028125 0.021875 0.0546875
0 0.4046875 0.03359375 0.0234375 0.0546875
0 0.38046875 0.49296875 0.0078125 0.01875
