0 0.76796875 0.99609375 0.0515625 0.0078125
0 0.10625 0.5125 0.06875 0.0390625
0 0.9671875 0.990625 0.065625 0.01875
0 0.96796875 0.8375 0.0640625 0.059375
0 0.24140625 0.45 0.0984375 0.0515625
0 0.271875 0.25390625 0.1296875 0.075
0 0.78203125 0.8296875 0.128125 0.0640625
0 0.71328125 0.6796875 0.11875 0.065625
0 0.23046875 0.66015625 0.1234375 0.0625
0 0.55703125 0.8234375 0.134375 0.0671875
0 0.86953125 0.76015625 0.1359375 0.071875
0 0.05859375 0.6921875 0.115625 0.0734375
0 0.48125 0.56484375 0.1125 0.059375
0 0.35 0.928125 0.128125 0.0625
