0 0.0140625 0.68203125 0.028125 0.046875
0 0.02109375 0.590625 0.0421875 0.0515625
0 0.07421875 0.23046875 0.05 0.0515625
0 0.071875 0.65546875 0.053125 0.0515625
0 0.0796875 0.18984375 0.05 0.0484375
0 0.790625 0.409375 0.0390625 0.04375
0 0.01875 0.634375 0.0375 0.046875
0 0.9640625 0.3546875 0.05 0.05
0 0.09609375 0.49609375 0.046875 0.0453125
0 0.18046875 0.73984375 0.0453125 0.0515625
0 0.94375 0.54609375 0.04375 0.04375
0 0.06953125 0.278125 0.0515625 0.05
0 0.66015625 0.665625 0.021875 0.0890625
0 0.790625 0.35703125 0.0421875 0.0453125
0 0.06015625 0.321875 0.0484375 0.046875
0 0.09765625 0.44140625 0.046875 0.0515625
0 0.7640625 0.62421875 0.04375 0.0390625
0 0.1 0.02578125 0.0484375 0.05
0 0.0390625 0.43828125 0.053125 0.053125
0 0.3921875 0.36171875 0.0203125 0.090625
0 0.0546875 0.696875 0.0484375 0.04375
0 0.9359375 0.60078125 0.0484375 0.040625
