0 0.578125 0.4890625 0.00625 0.009375
0 0.515625 0.440625 0.0109375 0.0109375
0 0.425 0.209375 0.009375 0.01875
0 0.559375 0.5078125 0.0109375 0.0125
0 0.20859375 0.4234375 0.0125 0.0109375
0 0.54453125 0.14296875 0.01875 0.025
0 0.4453125 0.2453125 0.0109375 0.01875
0 0.4171875 0.24375 0.00625 0.0140625
0 0.2359375 0.63359375 0.01875 0.0203125
0 0.4 0.5125 0.0078125 0.0140625
0 0.2015625 0.48203125 0.0140625 0.0125
0 0.6625 0.2234375 0.015625 0.0234375
0 0.64140625 0.24453125 0.0125 0.0171875
0 0.6734375 0.28125 0.0109375 0.0203125
0 0.33515625 0.40234375 0.0078125 0.0203125
0 0.35859375 0.3203125 0.0125 0.015625
0 0.36953125 0.34296875 0.0140625 0.0234375
0 0.38828125 0.290625 0.0109375 0.01875
0 0.45625 0.359375 0.009375 0.0125
0 0.52109375 0.39609375 0.0125 0.015625
0 0.503125 0.44609375 0.0140625 0.01875
0 0.53671875 0.41015625 0.0109375 0.021875
0 0.56875 0.5 0.0046875 0.0109375
0 0.4515625 0.6359375 0.0078125 0.0140625
0 0.6 0.6140625 0.0125 0.015625
