0 0.06640625 0.20234375 0.021875 0.0578125
0 0.04140625 0.32734375 0.021875 0.0703125
0 0.084375 0.096875 0.025 0.059375
0 0.36796875 0.04296875 0.040625 0.0453125
0 0.4421875 0.1125 0.0375 0.046875
0 0.22578125 0.7890625 0.034375 0.034375
0 0.26484375 0.80859375 0.0375 0.0421875
0 0.3109375 0.83125 0.034375 0.034375
0 0.25859375 0.9109375 0.0375 0.04375
0 0.0890625 0.63828125 0.0140625 0.0484375
0 0.0265625 0.91328125 0.021875 0.0640625
0 0.15390625 0.76171875 0.04375 0.0484375
0 0.87421875 0.15625 0.0375 0.040625
0 0.921875 0.17421875 0.040625 0.0390625
0 0.98359375 0.77578125 0.021875 0.0578125
0 0.025 0.4078125 0.0140625 0.0125
0 0.0203125 0.43359375 0.0140625 0.0109375
0 0.01640625 0.45390625 0.0140625 0.0109375
0 0.015625 0.4640625 0.0125 0.0125
0 0.009375 0.4875 0.0171875 0.0125
0 0.01015625 0.5015625 0.0140625 0.0125
0 0.4875 0.14453125 0.00625 0.0234375
0 0.55546875 0.18359375 0.00625 0.0234375
0 0.584375 0.19921875 0.0046875 0.0203125
0 0.59609375 0.20703125 0.00625 0.0234375
0 0.72109375 0.26484375 0.00625 0.0265625
0 0.765625 0.2875 0.0046875 0.025
0 0.75 0.28125 0.00625 0.021875
0 0.83125 0.12421875 0.00625 0.0296875
0 0.8171875 0.11640625 0.0078125 0.0265625
0 0.803125 0.109375 0.0078125 0.025
0 0.7953125 0.10859375 0.00625 0.0265625
0 0.78828125 0.103125 0.0078125 0.025
0 0.78125 0.09921875 0.00625 0.0265625
0 0.775 0.0953125 0.0046875 0.025
0 0.76875 0.090625 0.0046875 0.028125
0 0.7640625 0.0921875 0.00625 0.025
0 0.75703125 0.08671875 0.00625 0.0265625
0 0.75 0.08515625 0.00625 0.0265625
0 0.73828125 0.06875 0.00625 0.025
0 0.7328125 0.06640625 0.0046875 0.0234375
