0 0.978125 0.5375 0.0421875 0.028125
0 0.70078125 0.7671875 0.01875 0.0671875
0 0.03515625 0.4171875 0.025 0.0546875
0 0.07421875 0.6984375 0.015625 0.0390625
0 0.17109375 0.528125 0.0484375 0.0296875
0 0.4140625 0.98359375 0.0171875 0.03125
0 0.34296875 0.94140625 0.040625 0.0296875
0 0.4421875 0.08203125 0.0171875 0.0734375
0 0.38203125 0.6828125 0.015625 0.0640625
0 0.01484375 0.41953125 0.0296875 0.0640625
0 0.4453125 0.4171875 0.0171875 0.0625
0 0.59296875 0.6453125 0.0359375 0.028125
0 0.9015625 0.80859375 0.01875 0.0703125
0 0.45 0.71796875 0.0390625 0.0390625
0 0.44375 0.18046875 0.0171875 0.075
0 0.1390625 0.41640625 0.0296875 0.053125
0 0.41484375 0.83203125 0.0171875 0.0671875
0 0.696875 0.65234375 0.0359375 0.0296875
0 0.4140625 0.915625 0.0171875 0.0703125
0 0.5484375 0.6453125 0.0390625 0.03125
0 0.06171875 0.41953125 0.028125 0.059375
0 0.4390625 0.2765625 0.01875 0.0734375
0 0.1140625 0.41953125 0.0296875 0.0609375
0 0.79765625 0.659375 0.0375 0.028125
0 0.84609375 0.6578125 0.0375 0.028125
0 0.51796875 0.4171875 0.025 0.0703125
0 0.49375 0.73359375 0.0390625 0.03125
0 0.20234375 0.425 0.03125 0.0625
0 0.75 0.653125 0.0390625 0.03125
0 0.0859375 0.41953125 0.0296875 0.0609375
0 0.3234375 0.4234375 0.0296875 0.0609375
0 0.4953125 0.64453125 0.0421875 0.03125
0 0.234375 0.49140625 0.0421875 0.03125
0 0.40234375 0.56171875 0.040625 0.03125
0 0.29140625 0.421875 0.03125 0.059375
0 0.6421875 0.6484375 0.0484375 0.03125
0 0.7921875 0.5359375 0.04375 0.03125
0 0.1734375 0.4265625 0.0296875 0.0609375
0 0.64453125 0.52734375 0.04375 0.03125
0 0.46640625 0.88046875 0.034375 0.059375
0 0.4921875 0.41640625 0.028125 0.0703125
0 0.09453125 0.5859375 0.0390625 0.0578125
0 0.371875 0.53046875 0.0046875 0.009375
0 0.675 0.5890625 0.00625 0.0078125
