0 0.98515625 0.146875 0.0296875 0.146875
0 0.97109375 0.703125 0.0578125 0.1515625
0 0.68671875 0.35078125 0.028125 0.0234375
0 0.16640625 0.58515625 0.1296875 0.0484375
0 0.7703125 0.66796875 0.071875 0.1265625
0 0.446875 0.3765625 0.1203125 0.0484375
0 0.68671875 0.19921875 0.09375 0.175
0 0.50390625 0.2078125 0.0953125 0.1859375
0 0.57578125 0.16953125 0.0875 0.184375
0 0.61796875 0.17265625 0.090625 0.178125
0 0.434375 0.74921875 0.084375 0.1484375
0 0.528125 0.17421875 0.09375 0.1703125
0 0.93125 0.15390625 0.0921875 0.1765625
0 0.72734375 0.18828125 0.090625 0.178125
0 0.8921875 0.1640625 0.0953125 0.175
0 0.178125 0.75859375 0.10625 0.171875
0 0.76953125 0.18203125 0.09375 0.1828125
0 0.6046875 0.73359375 0.1 0.16875
0 0.8734375 0.7015625 0.103125 0.16875
0 0.26328125 0.75 0.1046875 0.1765625
0 0.3953125 0.73984375 0.0984375 0.1734375
0 0.32265625 0.7265625 0.1 0.1765625
0 0.80625 0.68515625 0.1015625 0.16875
