0 0.46796875 0.0671875 0.009375 0.0203125
0 0.02109375 0.29765625 0.040625 0.0453125
0 0.0703125 0.50078125 0.0390625 0.034375
0 0.0265625 0.32578125 0.0390625 0.046875
0 0.015625 0.26328125 0.03125 0.0484375
0 0.0765625 0.53125 0.0484375 0.0609375
0 0.740625 0.278125 0.0359375 0.046875
0 0.60078125 0.40625 0.0203125 0.071875
0 0.51015625 0.184375 0.028125 0.059375
0 0.69609375 0.28046875 0.040625 0.0546875
0 0.56875 0.15078125 0.0296875 0.06875
0 0.9203125 0.09921875 0.040625 0.046875
0 0.53828125 0.55234375 0.0546875 0.0734375
0 0.5890625 0.30546875 0.0390625 0.0625
0 0.59375 0.2265625 0.034375 0.06875
0 0.7890625 0.22109375 0.04375 0.065625
0 0.53125 0.259375 0.03125 0.0703125
0 0.0859375 0.6171875 0.0171875 0.021875
0 0.63984375 0.29921875 0.0125 0.021875
0 0.446875 0.05078125 0.0109375 0.015625
