0 0.71640625 0.86875 0.0125 0.025
0 0.2015625 0.82265625 0.015625 0.0234375
0 0.2296875 0.83984375 0.009375 0.0296875
0 0.79453125 0.8703125 0.009375 0.025
0 0.16640625 0.85390625 0.0078125 0.0203125
0 0.72265625 0.8671875 0.0125 0.028125
0 0.1734375 0.89375 0.009375 0.025
0 0.07890625 0.84375 0.00625 0.01875
0 0.76015625 0.83203125 0.0125 0.0234375
0 0.7 0.88828125 0.0078125 0.0234375
0 0.7515625 0.87578125 0.0125 0.0296875
0 0.234375 0.91875 0.0140625 0.025
0 0.83671875 0.8296875 0.0109375 0.021875
0 0.7859375 0.87734375 0.0125 0.0203125
0 0.70859375 0.87109375 0.0078125 0.0265625
0 0.8015625 0.7796875 0.00625 0.009375
0 0.8796875 0.87421875 0.0109375 0.0234375
0 0.19765625 0.9203125 0.009375 0.021875
0 0.7921875 0.8390625 0.0078125 0.025
0 0.21875 0.83515625 0.009375 0.0265625
0 0.81875 0.828125 0.015625 0.01875
0 0.80234375 0.7796875 0.009375 0.0125
0 0.1328125 0.84296875 0.00625 0.0234375
0 0.79140625 0.32109375 0.0078125 0.0140625
0 0.77421875 0.34140625 0.00625 0.0140625
0 0.31640625 0.20703125 0.00625 0.0140625
0 0.1578125 0.84609375 0.00625 0.0296875
0 0.8515625 0.86015625 0.009375 0.0234375
0 0.1421875 0.8515625 0.00625 0.025
0 0.79296875 0.80859375 0.009375 0.0203125
0 0.24609375 0.921875 0.0125 0.028125
0 0.80390625 0.83515625 0.0078125 0.0203125
0 0.2578125 0.93125 0.0109375 0.025
0 0.7640625 0.8171875 0.009375 0.021875
0 0.1859375 0.82578125 0.00625 0.0234375
0 0.7828125 0.8125 0.009375 0.01875
0 0.8671875 0.884375 0.009375 0.021875
0 0.68515625 0.96484375 0.0078125 0.0265625
0 0.1875 0.903125 0.0078125 0.025
0 0.77578125 0.8921875 0.0109375 0.025
0 0.75625 0.9171875 0.009375 0.025
0 0.7609375 0.86015625 0.0109375 0.0234375
0 0.20625 0.82265625 0.00625 0.0234375
0 0.69375 0.90390625 0.0078125 0.0265625
0 0.72890625 0.8609375 0.009375 0.03125
0 0.1734375 0.83125 0.0078125 0.025
0 0.8203125 0.815625 0.0140625 0.021875
0 0.75234375 0.865625 0.0109375 0.025
0 0.74609375 0.8875 0.009375 0.025
0 0.12578125 0.82265625 0.00625 0.0265625
0 0.221875 0.91484375 0.009375 0.0265625
0 0.4109375 0.86796875 0.009375 0.0265625
0 0.20703125 0.9328125 0.009375 0.021875
0 0.1859375 0.8640625 0.0078125 0.025
0 0.19765625 0.82265625 0.0078125 0.0265625
0 0.62578125 0.85078125 0.00625 0.0234375
0 0.74921875 0.93359375 0.0078125 0.0265625
0 0.83203125 0.80703125 0.0109375 0.0234375
0 0.73359375 0.91015625 0.0078125 0.0265625
0 0.7234375 0.915625 0.0125 0.025
0 0.69453125 0.94921875 0.0078125 0.0265625
0 0.2671875 0.9390625 0.0078125 0.025
0 0.215625 0.89375 0.0078125 0.025
0 0.74375 0.83046875 0.009375 0.0265625
0 0.86640625 0.8515625 0.0109375 0.025
0 0.84765625 0.81640625 0.0125 0.0265625
0 0.228125 0.95703125 0.0078125 0.0265625
0 0.62734375 0.296875 0.0125 0.01875
0 0.7109375 0.9390625 0.009375 0.03125
0 0.78125 0.84140625 0.0125 0.0296875
0 0.57421875 0.9 0.0203125 0.08125
0 0.35859375 0.03671875 0.0328125 0.0703125
0 0.37734375 0.5265625 0.0421875 0.034375
0 0.51796875 0.54140625 0.0390625 0.0328125
0 0.34453125 0.15078125 0.0265625 0.0734375
0 0.16484375 0.88359375 0.009375 0.0265625
