0 0.0109375 0.21015625 0.021875 0.034375
0 0.990625 0.3078125 0.01875 0.034375
0 0.89921875 0.29453125 0.103125 0.05625
0 0.51171875 0.27578125 0.09375 0.06875
0 0.3421875 0.1203125 0.0546875 0.0421875
0 0.98203125 0.37890625 0.0359375 0.0390625
0 0.85 0.13671875 0.053125 0.0421875
0 0.23125 0.12109375 0.05 0.0390625
0 0.359375 0.07109375 0.0515625 0.0390625
0 0.11796875 0.615625 0.0546875 0.0359375
0 0.4375 0.31171875 0.0390625 0.034375
0 0.72578125 0.20546875 0.0484375 0.0375
0 0.8578125 0.37265625 0.0421875 0.03125
0 0.909375 0.36171875 0.05 0.0421875
0 0.5765625 0.7046875 0.04375 0.03125
0 0.6484375 0.21171875 0.040625 0.0328125
0 0.1578125 0.15 0.040625 0.034375
0 0.2859375 0.30546875 0.05 0.0359375
0 0.296875 0.3734375 0.0453125 0.034375
0 0.64921875 0.38203125 0.0421875 0.03125
0 0.0984375 0.23828125 0.0484375 0.0390625
0 0.8609375 0.20703125 0.05 0.0390625
0 0.97890625 0.24140625 0.0421875 0.0359375
0 0.23125 0.3765625 0.05 0.0359375
0 0.6046875 0.303125 0.05 0.034375
0 0.190625 0.309375 0.040625 0.03125
0 0.78828125 0.2125 0.0546875 0.0390625
0 0.0375 0.3671875 0.053125 0.0375
0 0.43359375 0.6140625 0.0484375 0.034375
0 0.1 0.30625 0.0421875 0.034375
0 0.1734375 0.36875 0.0421875 0.03125
0 0.1640625 0.2421875 0.0421875 0.034375
0 0.1109375 0.37421875 0.0453125 0.034375
0 0.403125 0.21953125 0.0453125 0.0359375
0 0.721875 0.371875 0.05 0.034375
0 0.4484375 0.3796875 0.0484375 0.0328125
0 0.55234375 0.1875 0.0421875 0.034375
0 0.2765625 0.21796875 0.046875 0.0359375
0 0.42265625 0.6890625 0.0453125 0.034375
0 0.36484375 0.36875 0.0515625 0.0359375
0 0.6671875 0.30546875 0.046875 0.034375
0 0.7953125 0.1390625 0.0453125 0.0359375
0 0.553125 0.371875 0.0484375 0.034375
0 0.3671875 0.29921875 0.0515625 0.0359375
0 0.79296875 0.38671875 0.046875 0.034375
0 0.74765625 0.3078125 0.0453125 0.034375
0 0.8953125 0.0953125 0.0125 0.0203125
