0 0.00546875 0.66953125 0.0109375 0.015625
0 0.003125 0.63671875 0.0046875 0.0109375
0 0.21796875 0.490625 0.009375 0.028125
0 0.4046875 0.75234375 0.025 0.0265625
0 0.2890625 0.28046875 0.0109375 0.0375
0 0.48125 0.94296875 0.0171875 0.03125
0 0.178125 0.88984375 0.0125 0.0359375
0 0.45390625 0.8703125 0.0171875 0.0375
0 0.2953125 0.4015625 0.0109375 0.0421875
0 0.8453125 0.6765625 0.0171875 0.0265625
0 0.3453125 0.75 0.021875 0.0203125
0 0.52421875 0.946875 0.021875 0.025
0 0.8 0.75859375 0.0203125 0.0265625
0 0.66796875 0.84296875 0.0234375 0.0265625
0 0.253125 0.8125 0.0125 0.0421875
