0 0.53515625 0.98671875 0.065625 0.0265625
0 0.05234375 0.08828125 0.0640625 0.0484375
0 0.6390625 0.13671875 0.0265625 0.1
0 0.56875 0.12109375 0.0265625 0.1
0 0.47578125 0.090625 0.028125 0.0953125
0 0.440625 0.0859375 0.028125 0.090625
0 0.53125 0.10078125 0.0265625 0.1
0 0.60546875 0.1390625 0.025 0.0890625
0 0.24296875 0.0640625 0.0328125 0.09375
0 0.4015625 0.08046875 0.03125 0.109375
0 0.7140625 0.128125 0.0265625 0.1
0 0.65078125 0.340625 0.0125 0.0265625
0 0.63046875 0.06171875 0.0125 0.0296875
0 0.64375 0.08671875 0.00625 0.0140625
0 0.66640625 0.3890625 0.0109375 0.0203125
