0 0.22578125 0.38671875 0.0578125 0.040625
0 0.89765625 0.3234375 0.0546875 0.0390625
0 0.70078125 0.3375 0.0515625 0.0390625
0 0.4046875 0.48359375 0.05 0.034375
0 0.18828125 0.48515625 0.0484375 0.034375
0 0.86171875 0.490625 0.0671875 0.04375
0 0.33046875 0.24921875 0.134375 0.059375
0 0.97734375 0.3984375 0.0453125 0.0359375
0 0.2828125 0.32265625 0.1140625 0.0609375
0 0.975 0.5609375 0.0484375 0.034375
0 0.1515625 0.62890625 0.115625 0.0546875
0 0.89453125 0.63828125 0.203125 0.0671875
0 0.51328125 0.55703125 0.103125 0.0515625
0 0.81953125 0.396875 0.0625 0.0390625
0 0.0421875 0.2484375 0.0828125 0.0828125
