0 0.503125 0.715625 0.0046875 0.009375
0 0.48125 0.74375 0.0046875 0.0125
0 0.9 0.3796875 0.009375 0.009375
0 0.53359375 0.46328125 0.00625 0.0078125
0 0.996875 0.32890625 0.00625 0.0109375
0 0.48203125 0.75 0.0046875 0.009375
0 0.8640625 0.1609375 0.00625 0.00625
0 0.86796875 0.4234375 0.0109375 0.0125
0 0.896875 0.11953125 0.00625 0.0078125
0 0.4484375 0.78515625 0.0046875 0.0078125
0 0.50234375 0.4625 0.0046875 0.009375
0 0.3296875 0.59609375 0.0078125 0.0109375
0 0.4734375 0.75078125 0.00625 0.0078125
0 0.50546875 0.4796875 0.0078125 0.009375
0 0.440625 0.775 0.00625 0.009375
0 0.871875 0.434375 0.0125 0.009375
0 0.5515625 0.69921875 0.0046875 0.0078125
0 0.47109375 0.49296875 0.00625 0.0078125
0 0.88984375 0.39296875 0.0078125 0.0078125
0 0.43046875 0.80390625 0.0046875 0.0109375
0 0.84375 0.46484375 0.009375 0.0109375
0 0.9921875 0.2421875 0.0140625 0.015625
0 0.99140625 0.2765625 0.015625 0.0125
0 0.3375 0.82265625 0.0125 0.0140625
0 0.8171875 0.36875 0.040625 0.053125
0 0.70703125 0.4578125 0.0421875 0.053125
0 0.49921875 0.746875 0.00625 0.009375
