0 0.78515625 0.07421875 0.025 0.0578125
0 0.78984375 0.153125 0.03125 0.0765625
0 0.71796875 0.16796875 0.0234375 0.05625
0 0.76953125 0.0234375 0.0234375 0.046875
0 0.60703125 0.71484375 0.0296875 0.06875
0 0.653125 0.56015625 0.028125 0.0671875
0 0.70703125 0.31171875 0.028125 0.0671875
0 0.48046875 0.39765625 0.028125 0.065625
0 0.65703125 0.34296875 0.0265625 0.0640625
0 0.59453125 0.63359375 0.025 0.0578125
0 0.4984375 0.91953125 0.028125 0.071875
0 0.3953125 0.32890625 0.05625 0.1078125
0 0.3390625 0.2296875 0.0703125 0.128125
0 0.27578125 0.12109375 0.0703125 0.1265625
0 0.21796875 0.0390625 0.0625 0.078125
0 0.52578125 0.55078125 0.0515625 0.1015625
0 0.6796875 0.81171875 0.078125 0.1453125
0 0.75546875 0.9328125 0.0828125 0.134375
