0 0.55859375 0.21328125 0.028125 0.0609375
0 0.99140625 0.27421875 0.0171875 0.025
0 0.559375 0.21328125 0.028125 0.0625
0 0.1875 0.00703125 0.015625 0.0125
0 0.09140625 0.98515625 0.03125 0.0265625
0 0.65234375 0.0078125 0.0125 0.0140625
0 0.1796875 0.8984375 0.0171875 0.03125
0 0.29140625 0.31328125 0.0140625 0.059375
0 0.6578125 0.75703125 0.015625 0.0625
0 0.2578125 0.15859375 0.0140625 0.059375
0 0.3140625 0.584375 0.0140625 0.0640625
0 0.7984375 0.578125 0.028125 0.0265625
0 0.625 0.2375 0.0140625 0.05625
0 0.346875 0.57890625 0.0140625 0.059375
0 0.140625 0.36328125 0.028125 0.0234375
0 0.7109375 0.0203125 0.021875 0.0390625
0 0.2890625 0.575 0.015625 0.059375
0 0.15625 0.9765625 0.028125 0.040625
0 0.47578125 0.4578125 0.028125 0.046875
0 0.9734375 0.7734375 0.0375 0.0328125
0 0.4625 0.5515625 0.0265625 0.0453125
0 0.45390625 0.02890625 0.03125 0.0578125
0 0.6921875 0.5125 0.028125 0.0546875
0 0.140625 0.940625 0.0296875 0.0421875
