0 0.7671875 0.2203125 0.00625 0.009375
0 0.74921875 0.26328125 0.0078125 0.0140625
0 0.39375 0.83671875 0.00625 0.0203125
0 0.39375 0.82734375 0.00625 0.0078125
0 0.66875 0.30625 0.00625 0.009375
0 0.746875 0.25078125 0.0078125 0.0109375
0 0.63984375 0.36328125 0.00625 0.0078125
0 0.56953125 0.684375 0.00625 0.009375
0 0.37890625 0.840625 0.00625 0.009375
0 0.67265625 0.32890625 0.0046875 0.0109375
0 0.39296875 0.8453125 0.00625 0.015625
0 0.6546875 0.62890625 0.0078125 0.0109375
0 0.60390625 0.37578125 0.0046875 0.0078125
0 0.48046875 0.75546875 0.00625 0.0109375
0 0.7546875 0.54140625 0.0078125 0.0109375
0 0.75390625 0.2671875 0.0078125 0.0125
0 0.4671875 0.77734375 0.0078125 0.0140625
0 0.64453125 0.34140625 0.00625 0.0078125
0 0.9140625 0.34609375 0.0140625 0.0140625
0 0.82109375 0.40078125 0.0125 0.0140625
0 0.27421875 0.92109375 0.0125 0.0109375
0 0.48828125 0.69609375 0.0125 0.0140625
0 0.81328125 0.4296875 0.0140625 0.0125
0 0.228125 0.96328125 0.009375 0.0140625
0 0.48125 0.5921875 0.0375 0.046875
0 0.64609375 0.4546875 0.0359375 0.046875
0 0.3 0.740625 0.0390625 0.05
0 0.38359375 0.79921875 0.0140625 0.0140625
