0 0.8546875 0.05234375 0.0546875 0.0609375
0 0.8703125 0.09375 0.0484375 0.053125
0 0.87109375 0.1515625 0.046875 0.0484375
0 0.8796875 0.19921875 0.05 0.05625
0 0.89140625 0.24921875 0.0515625 0.0546875
0 0.9078125 0.2953125 0.0453125 0.05625
0 0.9234375 0.34296875 0.046875 0.06875
0 0.96015625 0.428125 0.034375 0.0921875
0 0.984375 0.5765625 0.03125 0.053125
0 0.9375 0.6234375 0.0546875 0.071875
0 0.87578125 0.6859375 0.0578125 0.0671875
0 0.81015625 0.7421875 0.05625 0.071875
0 0.7296875 0.815625 0.0546875 0.0703125
0 0.6453125 0.9046875 0.0859375 0.1140625
0 0.4234375 0.72265625 0.0234375 0.090625
0 0.51171875 0.6609375 0.0234375 0.078125
0 0.47578125 0.52109375 0.03125 0.115625
0 0.3296875 0.5625 0.0328125 0.1140625
0 0.2875 0.55390625 0.025 0.08125
0 0.2171875 0.54296875 0.040625 0.1015625
0 0.2359375 0.3796875 0.0296875 0.1078125
0 0.353125 0.21015625 0.021875 0.096875
0 0.29140625 0.19609375 0.028125 0.0953125
0 0.253125 0.14921875 0.028125 0.084375
0 0.3421875 0.03359375 0.0171875 0.065625
0 0.428125 0.01328125 0.01875 0.025
0 0.15703125 0.090625 0.0328125 0.0453125
0 0.184375 0.10078125 0.0359375 0.0296875
0 0.11171875 0.51328125 0.05 0.0359375
0 0.19453125 0.86640625 0.025 0.0859375
0 0.17109375 0.97578125 0.0296875 0.0484375
0 0.25390625 0.9796875 0.0296875 0.040625
0 0.9015625 0.984375 0.05 0.03125
0 0.95390625 0.95078125 0.053125 0.071875
0 0.9921875 0.90703125 0.015625 0.0546875
