0 0.00390625 0.5765625 0.0078125 0.009375
0 0.5953125 0.5640625 0.0140625 0.0125
0 0.6015625 0.5671875 0.015625 0.0140625
0 0.08359375 0.30859375 0.0125 0.01875
0 0.00703125 0.62578125 0.009375 0.0109375
0 0.2234375 0.57890625 0.01875 0.0203125
0 0.428125 0.5453125 0.0109375 0.0125
0 0.190625 0.60859375 0.0109375 0.0140625
0 0.70234375 0.5734375 0.0125 0.0140625
0 0.00703125 0.84609375 0.0140625 0.05625
0 0.5890625 0.528125 0.015625 0.015625
0 0.89140625 0.56171875 0.021875 0.015625
0 0.94765625 0.565625 0.0234375 0.015625
0 0.42421875 0.74296875 0.009375 0.0140625
