0 0.00625 0.8546875 0.0109375 0.0515625
0 0.9640625 0.77578125 0.05 0.0375
0 0.6921875 0.53828125 0.04375 0.040625
0 0.184375 0.85859375 0.053125 0.0453125
0 0.840625 0.20390625 0.0546875 0.040625
0 0.33515625 0.53515625 0.0625 0.04375
0 0.83125 0.70390625 0.0578125 0.0421875
0 0.88359375 0.540625 0.065625 0.046875
0 0.771875 0.4484375 0.0671875 0.0421875
0 0.9046875 0.45 0.0578125 0.0421875
0 0.24375 0.440625 0.078125 0.053125
0 0.02421875 0.77265625 0.046875 0.046875
0 0.2703125 0.78125 0.0578125 0.040625
0 0.8359375 0.8625 0.0609375 0.0421875
0 0.32734375 0.2921875 0.0546875 0.046875
0 0.2171875 0.36640625 0.059375 0.0453125
0 0.29765625 0.19140625 0.0578125 0.0421875
0 0.959375 0.29296875 0.0609375 0.0453125
0 0.05390625 0.5328125 0.059375 0.04375
0 0.21015625 0.54453125 0.059375 0.04375
0 0.1375 0.690625 0.0578125 0.04375
0 0.084375 0.440625 0.059375 0.046875
0 0.1265625 0.25625 0.0609375 0.046875
