0 0.63203125 0.21328125 0.0234375 0.103125
0 0.27890625 0.6546875 0.0140625 0.0203125
0 0.71875 0.43515625 0.0125 0.015625
0 0.23828125 0.2921875 0.0765625 0.08125
0 0.37890625 0.771875 0.009375 0.0203125
0 0.21640625 0.528125 0.0125 0.0203125
0 0.5578125 0.475 0.0109375 0.01875
0 0.25625 0.165625 0.028125 0.0328125
0 0.29140625 0.13515625 0.103125 0.1140625
0 0.25703125 0.6890625 0.0140625 0.0203125
0 0.771875 0.259375 0.028125 0.0796875
0 0.25703125 0.44921875 0.08125 0.0546875
0 0.21015625 0.1984375 0.059375 0.065625
0 0.71796875 0.76796875 0.075 0.05625
0 0.20625 0.3125 0.0125 0.01875
0 0.32734375 0.88203125 0.0125 0.0171875
0 0.315625 0.88515625 0.0140625 0.0171875
0 0.30859375 0.9265625 0.009375 0.0171875
0 0.32421875 0.94140625 0.0125 0.0140625
0 0.70625 0.33984375 0.015625 0.025
0 0.5796875 0.25859375 0.0109375 0.0140625
