0 0.66171875 0.60703125 0.0046875 0.0140625
0 0.82578125 0.66953125 0.00625 0.0203125
0 0.65625 0.60390625 0.00625 0.0171875
0 0.5609375 0.58359375 0.0125 0.0140625
0 0.72109375 0.95234375 0.0078125 0.0203125
0 0.5140625 0.53984375 0.0125 0.0140625
0 0.53515625 0.54453125 0.0140625 0.0109375
0 0.50546875 0.471875 0.0078125 0.01875
0 0.24453125 0.62109375 0.0125 0.0140625
0 0.5796875 0.615625 0.009375 0.009375
0 0.4796875 0.5234375 0.0078125 0.021875
0 0.865625 0.81953125 0.015625 0.0140625
0 0.265625 0.64140625 0.0125 0.0109375
0 0.5078125 0.57109375 0.009375 0.0140625
0 0.6578125 0.70234375 0.0125 0.0109375
0 0.58203125 0.64140625 0.0125 0.0140625
0 0.60078125 0.65234375 0.0140625 0.0140625
0 0.0625 0.2984375 0.0140625 0.015625
0 0.26796875 0.54765625 0.0484375 0.0515625
0 0.74453125 0.69140625 0.040625 0.0390625
0 0.88671875 0.78125 0.040625 0.04375
0 0.36015625 0.98125 0.0265625 0.0375
0 0.9328125 0.8125 0.0421875 0.040625
0 0.58125 0.696875 0.034375 0.040625
0 0.19921875 0.5015625 0.040625 0.04375
0 0.1265625 0.4484375 0.040625 0.04375
0 0.63828125 0.73203125 0.0390625 0.0453125
0 0.77890625 0.8125 0.0421875 0.04375
0 0.371875 0.9125 0.0234375 0.071875
0 0.1671875 0.53203125 0.0390625 0.0484375
0 0.2171875 0.5765625 0.0390625 0.04375
0 0.69609375 0.77109375 0.0421875 0.0453125
0 0.7921875 0.7265625 0.0421875 0.046875
0 0.44765625 0.45390625 0.025 0.0765625
0 0.84609375 0.68359375 0.0109375 0.0234375
0 0.8328125 0.675 0.00625 0.025
0 0.7140625 0.946875 0.0078125 0.025
