0 0.05 0.23203125 0.1 0.0875
0 0.2765625 0.209375 0.1046875 0.08125
0 0.50625 0.17734375 0.0984375 0.08125
0 0.7390625 0.16171875 0.09375 0.075
0 0.9625 0.31171875 0.075 0.0859375
0 0.80234375 0.35546875 0.096875 0.13125
0 0.9265625 0.45703125 0.0984375 0.075
0 0.88203125 0.6015625 0.1046875 0.075
0 0.68359375 0.46953125 0.103125 0.0703125
0 0.65 0.58828125 0.096875 0.078125
0 0.965625 0.76171875 0.06875 0.08125
0 0.8109375 0.74375 0.103125 0.0859375
0 0.5296875 0.7609375 0.1109375 0.084375
0 0.5109375 0.48203125 0.11875 0.090625
0 0.484375 0.334375 0.3875 0.146875
0 0.325 0.47421875 0.159375 0.1
0 0.1578125 0.421875 0.1015625 0.096875
0 0.05703125 0.51484375 0.090625 0.075
0 0.015625 0.63984375 0.03125 0.071875
0 0.134375 0.63125 0.0890625 0.071875
0 0.35703125 0.640625 0.10625 0.0828125
0 0.2234375 0.7796875 0.1109375 0.090625
