0 0.96484375 0.98984375 0.0140625 0.0203125
0 0.00625 0.64921875 0.0125 0.021875
0 0.865625 0.91953125 0.01875 0.0140625
0 0.99453125 0.6484375 0.0109375 0.0203125
0 0.934375 0.90703125 0.0234375 0.0203125
0 0.44453125 0.57421875 0.025 0.01875
0 0.0109375 0.03359375 0.0125 0.0359375
0 0.01953125 0.565625 0.025 0.01875
0 0.4546875 0.54296875 0.021875 0.015625
0 0.71875 0.63515625 0.021875 0.0171875
0 0.5109375 0.35078125 0.0125 0.0390625
0 0.5328125 0.60625 0.0203125 0.015625
0 0.134375 0.65703125 0.0203125 0.015625
0 0.55 0.46640625 0.0234375 0.0171875
0 0.79765625 0.521875 0.021875 0.015625
0 0.29609375 0.5671875 0.0203125 0.015625
0 0.20546875 0.62109375 0.021875 0.015625
0 0.125 0.425 0.0609375 0.0265625
0 0.43984375 0.6015625 0.021875 0.01875
0 0.32265625 0.6015625 0.021875 0.0171875
0 0.990625 0.47109375 0.01875 0.015625
0 0.20078125 0.56640625 0.0265625 0.01875
0 0.71484375 0.60390625 0.0234375 0.015625
0 0.94921875 0.60703125 0.021875 0.01875
0 0.8171875 0.60390625 0.021875 0.015625
0 0.91953125 0.64140625 0.021875 0.015625
0 0.39296875 0.46171875 0.021875 0.01875
0 0.42265625 0.4953125 0.021875 0.0171875
0 0.79375 0.95546875 0.021875 0.01875
0 0.03515625 0.59140625 0.025 0.0203125
0 0.54453125 0.98125 0.01875 0.034375
0 0.52265625 0.5203125 0.0234375 0.01875
0 0.0828125 0.5984375 0.025 0.01875
0 0.12578125 0.5640625 0.025 0.0171875
0 0.68046875 0.671875 0.0203125 0.0296875
0 0.83203125 0.63515625 0.0203125 0.0171875
0 0.2640625 0.59609375 0.0234375 0.01875
0 0.671875 0.46953125 0.021875 0.01875
0 0.22578125 0.46328125 0.025 0.01875
0 0.56640625 0.94140625 0.01875 0.034375
0 0.65546875 0.70859375 0.0203125 0.0390625
0 0.01953125 0.38359375 0.0078125 0.00625
0 0.0515625 0.37421875 0.0078125 0.00625
0 0.0828125 0.3859375 0.0046875 0.00625
0 0.0921875 0.3828125 0.0046875 0.00625
0 0.09296875 0.3609375 0.0046875 0.0046875
0 0.128125 0.39921875 0.00625 0.003125
0 0.21171875 0.371875 0.00625 0.00625
0 0.4125 0.384375 0.00625 0.00625
0 0.5125 0.390625 0.0078125 0.009375
0 0.76015625 0.7984375 0.0046875 0.009375
0 0.7515625 0.7921875 0.0046875 0.0078125
0 0.71015625 0.796875 0.0046875 0.00625
0 0.7078125 0.790625 0.0046875 0.0046875
0 0.48671875 0.715625 0.0046875 0.0046875
0 0.48515625 0.70859375 0.0078125 0.0078125
0 0.4078125 0.70390625 0.0046875 0.0078125
0 0.353125 0.8125 0.0046875 0.00625
0 0.178125 0.7 0.0046875 0.0046875
