0 0.2953125 0.35703125 0.0578125 0.040625
0 0.3 0.86171875 0.1 0.05625
0 0.0109375 0.7328125 0.021875 0.034375
0 0.60625 0.3890625 0.0359375 0.03125
0 0.984375 0.378125 0.03125 0.04375
0 0.84765625 0.63671875 0.04375 0.034375
0 0.9234375 0.72890625 0.0390625 0.034375
0 0.0203125 0.6703125 0.040625 0.034375
0 0.9390625 0.46328125 0.040625 0.0359375
0 0.6359375 0.46953125 0.0390625 0.034375
0 0.32109375 0.53125 0.0421875 0.0328125
0 0.72265625 0.734375 0.04375 0.03125
0 0.69296875 0.2265625 0.0390625 0.0296875
0 0.521875 0.64609375 0.0453125 0.0359375
0 0.984375 0.63515625 0.03125 0.034375
0 0.28125 0.6640625 0.0359375 0.03125
0 0.03203125 0.41640625 0.0421875 0.03125
0 0.7640625 0.42890625 0.0390625 0.03125
0 0.0890625 0.77890625 0.0421875 0.0328125
0 0.04921875 0.50078125 0.0421875 0.03125
0 0.3453125 0.7546875 0.0421875 0.034375
0 0.43125 0.70078125 0.04375 0.0359375
