0 0.93125 0.9921875 0.05 0.015625
0 0.11953125 0.0859375 0.0390625 0.0296875
0 0.2828125 0.79765625 0.0828125 0.05625
0 0.5453125 0.65703125 0.0359375 0.028125
0 0.24296875 0.01484375 0.04375 0.028125
0 0.225 0.0828125 0.0453125 0.034375
0 0.45546875 0.17265625 0.0515625 0.034375
0 0.77578125 0.90546875 0.059375 0.05
0 0.4140625 0.3015625 0.046875 0.0359375
0 0.38984375 0.55546875 0.0375 0.0390625
0 0.71171875 0.709375 0.059375 0.0515625
0 0.521875 0.5390625 0.0546875 0.0484375
0 0.57578125 0.509375 0.046875 0.0375
0 0.03828125 0.909375 0.075 0.0421875
0 0.37109375 0.709375 0.0515625 0.04375
0 0.2046875 0.2015625 0.05 0.0390625
0 0.3109375 0.20078125 0.0546875 0.040625
0 0.86875 0.3203125 0.08125 0.0234375
0 0.31640625 0.39375 0.0796875 0.0296875
0 0.153125 0.8625 0.0921875 0.0484375
0 0.7734375 0.0921875 0.0640625 0.0296875
0 0.51796875 0.3671875 0.0890625 0.028125
