0 0.8765625 0.9796875 0.040625 0.040625
0 0.02578125 0.10546875 0.0515625 0.0578125
0 0.02265625 0.0484375 0.0453125 0.0453125
0 0.346875 0.77109375 0.0546875 0.11875
0 0.7328125 0.26328125 0.0359375 0.046875
0 0.7828125 0.3015625 0.0421875 0.0546875
0 0.87578125 0.38359375 0.0390625 0.05
0 0.65390625 0.19453125 0.040625 0.053125
0 0.8921875 0.21953125 0.040625 0.053125
0 0.68515625 0.04921875 0.0390625 0.05
0 0.7296875 0.08125 0.0375 0.046875
0 0.740625 0.83359375 0.0578125 0.075
0 0.825 0.340625 0.0375 0.0484375
0 0.31796875 0.90078125 0.0546875 0.0859375
0 0.75 0.88125 0.0484375 0.06875
0 0.77265625 0.11953125 0.0390625 0.05
0 0.7609375 0.73671875 0.0578125 0.071875
0 0.8421875 0.18046875 0.0390625 0.0484375
0 0.7796875 0.9609375 0.0546875 0.0765625
0 0.36875 0.66171875 0.009375 0.0125
0 0.3765625 0.6546875 0.0078125 0.009375
