0 0.9390625 0.26953125 0.015625 0.0234375
0 0.79140625 0.46640625 0.0078125 0.0203125
0 0.771875 0.9453125 0.0078125 0.025
0 0.94296875 0.265625 0.0140625 0.021875
0 0.934375 0.50390625 0.0140625 0.0203125
0 0.93203125 0.27734375 0.0140625 0.0203125
0 0.92421875 0.50859375 0.015625 0.0203125
0 0.771875 0.86640625 0.0125 0.0171875
0 0.21015625 0.96640625 0.0140625 0.0140625
0 0.2984375 0.13359375 0.03125 0.0296875
0 0.8734375 0.77265625 0.0328125 0.0609375
0 0.84765625 0.7171875 0.0328125 0.05625
0 0.9078125 0.8734375 0.034375 0.0625
0 0.82265625 0.2359375 0.0984375 0.15
0 0.421875 0.56484375 0.0359375 0.0546875
0 0.228125 0.8765625 0.10625 0.153125
0 0.84140625 0.15390625 0.009375 0.0171875
0 0.7390625 0.2734375 0.009375 0.01875
0 0.7546875 0.2671875 0.0109375 0.015625
0 0.95234375 0.2546875 0.0125 0.021875
0 0.95859375 0.2421875 0.0125 0.021875
0 0.9734375 0.221875 0.0140625 0.021875
