0 0.47734375 0.459375 0.0375 0.0984375
0 0.6046875 0.44375 0.0421875 0.090625
0 0.0703125 0.76953125 0.05 0.15625
0 0.09375 0.4875 0.040625 0.10625
0 0.02265625 0.77890625 0.0453125 0.159375
0 0.41328125 0.71953125 0.040625 0.1328125
0 0.64765625 0.44375 0.0421875 0.090625
0 0.0453125 0.50703125 0.0390625 0.09375
0 0.56171875 0.70390625 0.0515625 0.1484375
0 0.51796875 0.453125 0.0359375 0.0875
0 0.4390625 0.46484375 0.034375 0.10625
0 0.37109375 0.9 0.0421875 0.1390625
0 0.0078125 0.5140625 0.015625 0.0953125
0 0.1078125 0.92109375 0.0578125 0.146875
0 0.35859375 0.47890625 0.034375 0.08125
0 0.6859375 0.43125 0.0359375 0.08125
0 0.56171875 0.44453125 0.0390625 0.0890625
0 0.12421875 0.7671875 0.0484375 0.1359375
0 0.18125 0.49921875 0.04375 0.1
0 0.31328125 0.478125 0.0359375 0.096875
0 0.40390625 0.46875 0.0375 0.10625
0 0.4625 0.709375 0.04375 0.15625
0 0.51640625 0.71640625 0.04375 0.15
0 0.58359375 0.87421875 0.0546875 0.159375
0 0.46953125 0.87421875 0.0515625 0.175
0 0.325 0.89296875 0.0609375 0.1703125
0 0.2828125 0.89765625 0.021875 0.165625
0 0.15546875 0.92109375 0.028125 0.134375
0 0.72734375 0.44375 0.025 0.078125
0 0.76328125 0.44453125 0.025 0.0734375
0 0.909375 0.43671875 0.0359375 0.084375
0 0.9546875 0.4265625 0.04375 0.1015625
