0 0.0984375 0.6671875 0.196875 0.0859375
0 0.209375 0.5765625 0.06875 0.059375
0 0.1375 0.33671875 0.06875 0.059375
0 0.18671875 0.41328125 0.0640625 0.05625
0 0.32421875 0.15546875 0.0125 0.03125
0 0.33671875 0.19140625 0.0140625 0.021875
0 0.3484375 0.20078125 0.015625 0.0265625
0 0.3625 0.20859375 0.0140625 0.021875
0 0.5453125 0.03125 0.0109375 0.0265625
0 0.5375 0.040625 0.0078125 0.0171875
0 0.5046875 0.06640625 0.0125 0.028125
0 0.5203125 0.12890625 0.0109375 0.0234375
0 0.56171875 0.134375 0.0234375 0.040625
0 0.9609375 0.10546875 0.0171875 0.0265625
0 0.9328125 0.00859375 0.0625 0.0171875
0 0.8796875 0.34453125 0.06875 0.05625
0 0.7125 0.38671875 0.115625 0.0890625
0 0.51484375 0.3203125 0.0640625 0.053125
0 0.48359375 0.57578125 0.0703125 0.059375
0 0.61484375 0.66171875 0.0671875 0.05625
0 0.83125 0.79453125 0.0125 0.0171875
0 0.828125 0.81328125 0.015625 0.01875
0 0.82890625 0.82890625 0.0140625 0.01875
0 0.55859375 0.96484375 0.03125 0.0703125
0 0.23984375 0.16171875 0.0140625 0.0234375
0 0.7578125 0.9265625 0.009375 0.021875
0 0.234375 0.76328125 0.0171875 0.0203125
0 0.384375 0.80078125 0.0078125 0.03125
0 0.32890625 0.7703125 0.0125 0.0203125
