0 0.02890625 0.9265625 0.0578125 0.125
0 0.98984375 0.18515625 0.0203125 0.0671875
0 0.159375 0.946875 0.04375 0.0390625
0 0.4890625 0.65703125 0.025 0.0859375
0 0.22890625 0.94609375 0.046875 0.0390625
0 0.31875 0.73671875 0.046875 0.0390625
0 0.45625 0.6625 0.0234375 0.090625
0 0.58046875 0.2609375 0.0203125 0.06875
0 0.29296875 0.93203125 0.0609375 0.046875
0 0.39296875 0.9234375 0.05 0.0453125
0 0.09140625 0.94921875 0.0640625 0.05
0 0.796875 0.19296875 0.0234375 0.0859375
0 0.515625 0.3484375 0.0234375 0.0890625
0 0.6078125 0.4140625 0.0203125 0.075
0 0.4515625 0.9234375 0.0515625 0.04375
0 0.25625 0.74296875 0.0515625 0.0390625
0 0.50625 0.553125 0.025 0.096875
0 0.12734375 0.76171875 0.0484375 0.0390625
0 0.446875 0.340625 0.028125 0.0890625
0 0.19140625 0.7640625 0.0546875 0.04375
0 0.390625 0.73671875 0.053125 0.04375
0 0.51171875 0.1765625 0.05625 0.059375
0 0.4578125 0.171875 0.009375 0.0234375
