0 0.2546875 0.009375 0.0484375 0.0140625
0 0.15 0.5015625 0.0546875 0.178125
0 0.16796875 0.01171875 0.0546875 0.021875
0 0.15078125 0.975 0.028125 0.0484375
0 0.6828125 0.1046875 0.078125 0.0578125
0 0.0203125 0.22890625 0.0390625 0.071875
0 0.04375 0.015625 0.0546875 0.0296875
0 0.29375 0.16875 0.0546875 0.0453125
0 0.23203125 0.171875 0.0625 0.05
0 0.06328125 0.4515625 0.0296875 0.1046875
0 0.06484375 0.340625 0.028125 0.109375
0 0.1515625 0.69453125 0.0328125 0.1171875
0 0.6 0.1109375 0.059375 0.0484375
0 0.05 0.7390625 0.034375 0.125
0 0.05625 0.584375 0.0328125 0.10625
0 0.81328125 0.08828125 0.0640625 0.053125
0 0.0421875 0.90859375 0.0328125 0.125
