0 0.10078125 0.59296875 0.0109375 0.0234375
0 0.0953125 0.6109375 0.0140625 0.0140625
0 0.11171875 0.6359375 0.009375 0.0140625
0 0.11484375 0.63984375 0.01875 0.0375
0 0.1109375 0.59453125 0.009375 0.028125
0 0.2671875 0.36328125 0.0171875 0.028125
0 0.1625 0.21328125 0.015625 0.025
0 0.15 0.3203125 0.0140625 0.021875
0 0.18984375 0.16484375 0.0171875 0.028125
0 0.0859375 0.29765625 0.0203125 0.015625
0 0.1203125 0.69765625 0.0125 0.015625
0 0.12265625 0.7140625 0.0203125 0.0203125
0 0.1234375 0.7328125 0.0265625 0.0203125
0 0.1875 0.715625 0.0171875 0.015625
0 0.2015625 0.73125 0.0171875 0.0234375
0 0.2796875 0.5 0.009375 0.01875
0 0.3015625 0.5203125 0.009375 0.0125
0 0.28984375 0.521875 0.0109375 0.015625
0 0.359375 0.64765625 0.00625 0.0125
0 0.36796875 0.64375 0.015625 0.028125
0 0.55078125 0.9875 0.0125 0.025
0 0.67890625 0.98359375 0.0109375 0.0328125
0 0.784375 0.7421875 0.01875 0.0140625
0 0.78671875 0.7265625 0.01875 0.0234375
0 0.89609375 0.6796875 0.0140625 0.0375
0 0.8796875 0.65546875 0.015625 0.034375
0 0.65625 0.68515625 0.0125 0.03125
0 0.64375 0.67265625 0.00625 0.028125
0 0.6109375 0.65546875 0.0078125 0.03125
0 0.56171875 0.62890625 0.0078125 0.021875
0 0.58671875 0.55546875 0.00625 0.0140625
0 0.475 0.50859375 0.0078125 0.015625
0 0.4375 0.440625 0.0125 0.021875
0 0.46640625 0.371875 0.0171875 0.021875
0 0.62109375 0.48671875 0.0203125 0.01875
0 0.65078125 0.42578125 0.0140625 0.01875
0 0.62890625 0.415625 0.00625 0.0140625
0 0.621875 0.3359375 0.0078125 0.0140625
0 0.6078125 0.31171875 0.009375 0.015625
0 0.515625 0.328125 0.009375 0.0140625
0 0.5 0.33828125 0.009375 0.021875
0 0.69375 0.3578125 0.009375 0.01875
0 0.72109375 0.35390625 0.0078125 0.0171875
0 0.7328125 0.28359375 0.00625 0.015625
0 0.75078125 0.29375 0.0078125 0.01875
0 0.7734375 0.23046875 0.009375 0.0203125
0 0.7625 0.221875 0.0078125 0.021875
0 0.721875 0.159375 0.00625 0.021875
0 0.71328125 0.1578125 0.0109375 0.0234375
0 0.69453125 0.0140625 0.01875 0.028125
0 0.390625 0.0703125 0.009375 0.0203125
0 0.709375 0.47265625 0.0171875 0.03125
0 0.7234375 0.47734375 0.0140625 0.015625
0 0.73046875 0.41953125 0.0171875 0.025
0 0.759375 0.41328125 0.0125 0.0140625
0 0.8328125 0.3875 0.0171875 0.0171875
0 0.84453125 0.38671875 0.0109375 0.0140625
0 0.846875 0.36796875 0.015625 0.0140625
0 0.85078125 0.3546875 0.0140625 0.0125
0 0.84921875 0.34453125 0.0171875 0.0171875
0 0.85703125 0.33046875 0.015625 0.009375
0 0.86484375 0.31953125 0.0125 0.0125
0 0.853125 0.2671875 0.01875 0.015625
0 0.859375 0.23671875 0.009375 0.015625
0 0.865625 0.22578125 0.0140625 0.021875
0 0.990625 0.31015625 0.01875 0.0234375
