0 0.578125 0.653125 0.025 0.075
0 0.06484375 0.17109375 0.065625 0.1328125
0 0.00859375 0.025 0.0171875 0.046875
0 0.20390625 0.7421875 0.021875 0.075
0 0.76171875 0.3171875 0.0375 0.05
0 0.04765625 0.225 0.021875 0.05
0 0.64921875 0.28984375 0.028125 0.0671875
0 0.74375 0.62578125 0.0328125 0.040625
0 0.665625 0.08359375 0.0265625 0.05625
0 0.59921875 0.54609375 0.0328125 0.0890625
0 0.7546875 0.034375 0.0296875 0.065625
0 0.384375 0.51953125 0.040625 0.034375
0 0.628125 0.45234375 0.03125 0.0734375
0 0.278125 0.49609375 0.040625 0.0484375
0 0.19296875 0.41640625 0.0390625 0.0578125
0 0.153125 0.52109375 0.0296875 0.075
0 0.5109375 0.73984375 0.0296875 0.059375
