0 0.0375 0.60703125 0.0390625 0.0171875
0 0.034375 0.57734375 0.0390625 0.03125
0 0.06484375 0.5140625 0.0296875 0.0203125
0 0.05390625 0.4859375 0.034375 0.021875
0 0.2375 0.47265625 0.025 0.0234375
0 0.22578125 0.50703125 0.021875 0.0203125
0 0.24609375 0.51796875 0.025 0.028125
0 0.54765625 0.27421875 0.015625 0.0328125
0 0.64453125 0.2671875 0.0203125 0.04375
0 0.81015625 0.37109375 0.025 0.0390625
0 0.80546875 0.42265625 0.0234375 0.025
0 0.73046875 0.46328125 0.021875 0.03125
0 0.7296875 0.49375 0.025 0.034375
0 0.7421875 0.58046875 0.0265625 0.028125
0 0.73515625 0.61953125 0.0265625 0.028125
0 0.8203125 0.73125 0.0296875 0.0359375
0 0.83984375 0.771875 0.0140625 0.0265625
0 0.50078125 0.74765625 0.0171875 0.0328125
0 0.4515625 0.6609375 0.0203125 0.04375
0 0.41484375 0.76484375 0.0140625 0.0265625
0 0.3984375 0.76171875 0.015625 0.0265625
0 0.346875 0.75078125 0.021875 0.03125
0 0.30859375 0.64765625 0.025 0.0265625
0 0.3 0.61796875 0.01875 0.03125
0 0.2328125 0.6328125 0.028125 0.0359375
0 0.3078125 0.57421875 0.021875 0.0203125
0 0.121875 0.58515625 0.0328125 0.0203125
0 0.1109375 0.56328125 0.034375 0.0234375
0 0.1796875 0.778125 0.03125 0.0234375
0 0.18046875 0.746875 0.021875 0.03125
0 0.5109375 0.56875 0.021875 0.025
0 0.50625 0.540625 0.0171875 0.03125
0 0.5671875 0.25859375 0.021875 0.034375
0 0.81640625 0.7765625 0.021875 0.0234375
0 0.8203125 0.75390625 0.0265625 0.0328125
0 0.9234375 0.72109375 0.0375 0.0390625
0 0.953125 0.784375 0.0328125 0.04375
0 0.9640625 0.771875 0.03125 0.0359375
