0 0.32890625 0.66484375 0.0046875 0.009375
0 0.5546875 0.678125 0.00625 0.009375
0 0.55078125 0.68828125 0.00625 0.009375
0 0.99453125 0.246875 0.0109375 0.0484375
0 0.99453125 0.021875 0.0109375 0.0421875
0 0.42734375 0.85234375 0.025 0.034375
0 0.69453125 0.47890625 0.03125 0.096875
0 0.34609375 0.95546875 0.034375 0.0390625
0 0.45546875 0.57734375 0.034375 0.0359375
0 0.428125 0.89296875 0.034375 0.040625
0 0.35859375 0.7359375 0.0359375 0.0328125
0 0.8734375 0.98828125 0.0328125 0.0234375
0 0.35546875 0.76640625 0.0375 0.0359375
0 0.009375 0.353125 0.0171875 0.0359375
0 0.35234375 0.8453125 0.034375 0.028125
0 0.353125 0.884375 0.0328125 0.0296875
0 0.42421875 0.93671875 0.0359375 0.046875
0 0.43515625 0.81796875 0.034375 0.034375
0 0.43515625 0.76953125 0.0328125 0.040625
0 0.890625 0.95078125 0.034375 0.0328125
0 0.8234375 0.17109375 0.03125 0.0640625
0 0.1171875 0.41328125 0.0375 0.0359375
0 0.5171875 0.61328125 0.0359375 0.0375
0 0.78203125 0.85703125 0.0359375 0.0546875
0 0.3875 0.53828125 0.034375 0.0359375
0 0.325 0.51171875 0.0359375 0.0359375
0 0.14375 0.31015625 0.0375 0.0359375
0 0.51015625 0.659375 0.034375 0.0359375
0 0.72421875 0.30859375 0.040625 0.0484375
0 0.47734375 0.73828125 0.0046875 0.0109375
0 0.3015625 0.9390625 0.0078125 0.0140625
