0 0.7640625 0.67890625 0.0140625 0.0125
0 0.7578125 0.19296875 0.0296875 0.0421875
0 0.075 0.99375 0.021875 0.0125
0 0.86015625 0.75625 0.0125 0.0171875
0 0.05 0.37578125 0.0140625 0.03125
0 0.6609375 0.125 0.0265625 0.0484375
0 0.5734375 0.415625 0.0171875 0.046875
0 0.4484375 0.865625 0.0234375 0.025
0 0.8859375 0.70390625 0.021875 0.01875
0 0.98984375 0.64296875 0.0203125 0.0203125
0 0.26484375 0.01640625 0.0109375 0.0328125
0 0.58984375 0.49921875 0.015625 0.0390625
0 0.32265625 0.528125 0.009375 0.034375
0 0.1046875 0.0703125 0.0203125 0.0515625
0 0.2640625 0.19765625 0.009375 0.0359375
0 0.2890625 0.41953125 0.0109375 0.0375
0 0.8484375 0.953125 0.009375 0.034375
0 0.8890625 0.67578125 0.0421875 0.0390625
0 0.1359375 0.5328125 0.0234375 0.0359375
0 0.465625 0.9734375 0.0234375 0.0265625
0 0.3203125 0.303125 0.0109375 0.0375
0 0.22890625 0.18203125 0.0109375 0.034375
0 0.21875 0.28828125 0.0140625 0.0390625
0 0.76953125 0.45234375 0.0140625 0.03125
0 0.2671875 0.375 0.009375 0.0328125
0 0.64921875 0.8828125 0.0203125 0.0203125
0 0.83046875 0.790625 0.0125 0.0375
0 0.77890625 0.8265625 0.0203125 0.021875
0 0.82265625 0.70546875 0.0109375 0.034375
0 0.34140625 0.56171875 0.0109375 0.034375
0 0.29921875 0.53125 0.015625 0.0515625
0 0.0125 0.75703125 0.015625 0.03125
0 0.03359375 0.31953125 0.0140625 0.03125
0 0.4890625 0.090625 0.01875 0.0328125
0 0.2890625 0.6203125 0.01875 0.0671875
0 0.8015625 0.55546875 0.0234375 0.0625
0 0.68671875 0.2140625 0.01875 0.034375
0 0.16953125 0.47890625 0.0171875 0.0296875
0 0.7421875 0.3421875 0.0171875 0.0359375
0 0.203125 0.40078125 0.0171875 0.0359375
0 0.80859375 0.34765625 0.0203125 0.025
0 0.09921875 0.59296875 0.01875 0.028125
0 0.6359375 0.18828125 0.015625 0.0296875
0 0.8328125 0.271875 0.0203125 0.0234375
0 0.06484375 0.65078125 0.0203125 0.034375
