0 0.57265625 0.34609375 0.0046875 0.0140625
0 0.4890625 0.13203125 0.0046875 0.01875
0 0.515625 0.1625 0.028125 0.05625
0 0.57265625 0.13046875 0.028125 0.0671875
0 0.53515625 0.2328125 0.03125 0.0671875
0 0.59609375 0.203125 0.03125 0.065625
0 0.6953125 0.25390625 0.0453125 0.05
0 0.81640625 0.16953125 0.0375 0.0515625
0 0.57578125 0.4875 0.04375 0.065625
0 0.51484375 0.5390625 0.0421875 0.0578125
0 0.09296875 0.4875 0.05 0.0609375
0 0.08984375 0.4515625 0.0453125 0.053125
0 0.028125 0.23125 0.0421875 0.05625
0 0.03828125 0.2609375 0.046875 0.0515625
0 0.0453125 0.29140625 0.0421875 0.0484375
0 0.25 0.72421875 0.0453125 0.05
0 0.9109375 0.09375 0.040625 0.04375
0 0.4640625 0.02734375 0.0171875 0.021875
