0 0.94921875 0.96484375 0.0859375 0.0703125
0 0.52890625 0.0390625 0.078125 0.0765625
0 0.4765625 0.88984375 0.021875 0.05625
0 0.9546875 0.74140625 0.090625 0.2109375
0 0.85546875 0.928125 0.10625 0.14375
0 0.07578125 0.89296875 0.14375 0.2140625
0 0.74453125 0.753125 0.1140625 0.1875
0 0.3203125 0.065625 0.1109375 0.13125
0 0.0484375 0.79140625 0.096875 0.2515625
0 0.38046875 0.9390625 0.0984375 0.121875
0 0.165625 0.93984375 0.1 0.11875
0 0.5078125 0.30859375 0.1328125 0.246875
0 0.7890625 0.85234375 0.125 0.2515625
0 0.91953125 0.621875 0.125 0.25
0 0.69375 0.628125 0.1453125 0.2625
0 0.26328125 0.765625 0.1203125 0.2234375
0 0.14375 0.56953125 0.1171875 0.228125
0 0.4578125 0.19375 0.1328125 0.25625
0 0.86640625 0.51171875 0.1453125 0.2484375
0 0.8046875 0.396875 0.1109375 0.215625
0 0.178125 0.70078125 0.1203125 0.2375
0 0.56015625 0.43125 0.1359375 0.23125
0 0.3953125 0.11171875 0.1203125 0.2171875
0 0.32265625 0.86640625 0.146875 0.2546875
0 0.0765625 0.490625 0.1234375 0.240625
0 0.73203125 0.2921875 0.125 0.246875
