0 0.009375 0.903125 0.0171875 0.1140625
0 0.709375 0.384375 0.0328125 0.1421875
0 0.74609375 0.06171875 0.0328125 0.1203125
0 0.6171875 0.07578125 0.0328125 0.1453125
0 0.3203125 0.8875 0.034375 0.140625
0 0.70078125 0.05625 0.028125 0.109375
0 0.4125 0.54375 0.034375 0.13125
0 0.66640625 0.39765625 0.0359375 0.14375
0 0.67109375 0.55390625 0.03125 0.134375
0 0.04609375 0.240625 0.0875 0.071875
0 0.9234375 0.5609375 0.034375 0.134375
0 0.740625 0.5515625 0.03125 0.115625
0 0.66328125 0.05859375 0.028125 0.115625
0 0.45546875 0.5421875 0.0359375 0.140625
0 0.33671875 0.07421875 0.03125 0.125
0 0.2890625 0.3859375 0.0328125 0.1296875
0 0.9703125 0.553125 0.0359375 0.1296875
0 0.8296875 0.41328125 0.0359375 0.140625
0 0.578125 0.06484375 0.0296875 0.128125
0 0.7828125 0.8828125 0.0328125 0.1109375
0 0.21328125 0.56953125 0.0375 0.1375
0 0.246875 0.0703125 0.0328125 0.1359375
0 0.22578125 0.88671875 0.0359375 0.134375
0 0.821875 0.890625 0.03125 0.11875
0 0.49375 0.06875 0.03125 0.1359375
0 0.37109375 0.54375 0.034375 0.1296875
0 0.49453125 0.54140625 0.034375 0.134375
0 0.909375 0.4015625 0.034375 0.140625
0 0.965625 0.07109375 0.0359375 0.1296875
0 0.8734375 0.55625 0.034375 0.1375
0 0.78671875 0.06171875 0.0328125 0.121875
0 0.53515625 0.3953125 0.03125 0.1375
0 0.4625 0.38671875 0.0328125 0.1328125
0 0.58203125 0.56328125 0.0359375 0.1453125
0 0.09140625 0.53984375 0.0359375 0.11875
0 0.08984375 0.8765625 0.0359375 0.140625
0 0.365625 0.88046875 0.0359375 0.140625
0 0.8359375 0.55546875 0.0328125 0.11875
0 0.8265625 0.065625 0.0359375 0.1296875
0 0.371875 0.396875 0.034375 0.1421875
0 0.1703125 0.55234375 0.0359375 0.1359375
0 0.33046875 0.5453125 0.0328125 0.128125
0 0.12734375 0.5390625 0.034375 0.1203125
0 0.58203125 0.40390625 0.0328125 0.140625
0 0.4171875 0.378125 0.0359375 0.1359375
0 0.53125 0.88359375 0.03125 0.1375
0 0.78515625 0.40625 0.034375 0.1359375
0 0.66015625 0.91015625 0.03125 0.121875
0 0.7453125 0.875 0.034375 0.1359375
0 0.91484375 0.08125 0.0375 0.1421875
0 0.96171875 0.39765625 0.0390625 0.1421875
0 0.96796875 0.8921875 0.0375 0.14375
0 0.62109375 0.86875 0.0375 0.1359375
0 0.8703125 0.4 0.0359375 0.134375
0 0.28046875 0.55390625 0.034375 0.128125
0 0.97109375 0.71953125 0.0578125 0.0671875
0 0.70234375 0.875 0.0359375 0.1359375
0 0.275 0.87109375 0.0375 0.1359375
0 0.87109375 0.075 0.0390625 0.146875
0 0.74375 0.40625 0.03125 0.13125
0 0.6234375 0.39921875 0.0328125 0.134375
0 0.4546875 0.89375 0.0328125 0.14375
0 0.25078125 0.4015625 0.0328125 0.1359375
0 0.16640625 0.88359375 0.040625 0.1640625
0 0.9109375 0.88671875 0.0421875 0.1515625
0 0.53359375 0.55546875 0.03125 0.1390625
0 0.865625 0.90078125 0.0375 0.15
0 0.7875 0.5484375 0.0328125 0.1234375
0 0.20859375 0.415625 0.0375 0.1546875
0 0.62578125 0.5453125 0.03125 0.1359375
0 0.575 0.88203125 0.0328125 0.1390625
0 0.62265625 0.290625 0.009375 0.01875
0 0.4609375 0.04140625 0.0078125 0.01875
0 0.35 0.91171875 0.0078125 0.01875
0 0.38828125 0.94140625 0.0078125 0.015625
