0 0.153125 0.40234375 0.059375 0.05625
0 0.41015625 0.3859375 0.0671875 0.078125
0 0.28671875 0.1375 0.009375 0.025
0 0.30546875 0.12890625 0.0125 0.028125
0 0.34921875 0.16796875 0.0125 0.01875
0 0.33671875 0.1734375 0.0140625 0.021875
0 0.359375 0.2171875 0.0109375 0.0234375
0 0.33828125 0.20625 0.0125 0.025
0 0.5484375 0.159375 0.015625 0.0453125
0 0.5671875 0.1375 0.0203125 0.040625
0 0.6328125 0.0578125 0.009375 0.0203125
0 0.6421875 0.0578125 0.009375 0.028125
0 0.65234375 0.1140625 0.0140625 0.0265625
0 0.53828125 0.259375 0.015625 0.0484375
0 0.784375 0.1171875 0.0125 0.0203125
0 0.79375 0.17421875 0.0171875 0.021875
0 0.9328125 0.0109375 0.0625 0.021875
0 0.81875 0.32421875 0.06875 0.053125
0 0.91796875 0.33515625 0.06875 0.059375
0 0.98125 0.31796875 0.0375 0.0828125
0 0.83984375 0.41328125 0.0734375 0.05
0 0.9390625 0.428125 0.065625 0.05625
0 0.81484375 0.85703125 0.0140625 0.021875
0 0.7546875 0.9265625 0.0109375 0.0203125
0 0.65703125 0.9390625 0.0109375 0.0296875
0 0.6484375 0.94140625 0.0109375 0.03125
0 0.55625 0.96328125 0.0328125 0.0734375
0 0.42734375 0.8796875 0.0078125 0.025
0 0.4125 0.871875 0.0109375 0.0234375
0 0.396875 0.74140625 0.0140625 0.0265625
0 0.3828125 0.73046875 0.0109375 0.0265625
0 0.3609375 0.54453125 0.0078125 0.0265625
0 0.5265625 0.48828125 0.0359375 0.1296875
0 0.2234375 0.65625 0.0671875 0.05
