0 0.003125 0.16015625 0.00625 0.0359375
0 0.9921875 0.2671875 0.0140625 0.0359375
0 0.82734375 0.0125 0.04375 0.0234375
0 0.2796875 0.14375 0.0515625 0.0390625
0 0.01171875 0.3203125 0.0234375 0.0359375
0 0.5625 0.29921875 0.096875 0.06875
0 0.01484375 0.39765625 0.0296875 0.034375
0 0.01953125 0.64140625 0.0390625 0.0359375
0 0.90703125 0.31953125 0.103125 0.0578125
0 0.47421875 0.33515625 0.040625 0.034375
0 0.5609375 0.39296875 0.05 0.034375
0 0.04140625 0.23359375 0.040625 0.034375
0 0.46484375 0.56953125 0.0546875 0.0359375
0 0.70078125 0.39296875 0.0484375 0.034375
0 0.9578125 0.38671875 0.0515625 0.0390625
0 0.15859375 0.396875 0.0453125 0.034375
0 0.0890625 0.29375 0.046875 0.0578125
0 0.40859375 0.09296875 0.0515625 0.0390625
0 0.39140625 0.14296875 0.0546875 0.040625
0 0.20625 0.171875 0.040625 0.034375
0 0.20078125 0.33125 0.040625 0.03125
0 0.2796875 0.39921875 0.05 0.0359375
0 0.221875 0.3921875 0.0421875 0.03125
0 0.41015625 0.39140625 0.0515625 0.0359375
0 0.37578125 0.321875 0.0515625 0.0359375
0 0.26796875 0.328125 0.0484375 0.0359375
0 0.7984375 0.234375 0.0546875 0.0390625
0 0.34609375 0.39609375 0.0453125 0.0359375
0 0.6890625 0.22734375 0.0484375 0.0390625
0 0.48359375 0.403125 0.0484375 0.03125
0 0.56875 0.23515625 0.040625 0.0328125
0 0.715625 0.32890625 0.046875 0.034375
0 0.4953125 0.215625 0.0421875 0.0359375
0 0.625 0.4046875 0.04375 0.0328125
0 0.90234375 0.396875 0.04375 0.0328125
0 0.36953125 0.2453125 0.04375 0.034375
0 0.8953125 0.2296875 0.05 0.0375
0 0.27109375 0.240625 0.0484375 0.0359375
0 0.6546875 0.3265625 0.05 0.0359375
0 0.19375 0.265625 0.0421875 0.034375
0 0.140625 0.32890625 0.0421875 0.034375
0 0.81953125 0.409375 0.046875 0.0328125
0 0.76953125 0.33125 0.0453125 0.034375
0 0.08515625 0.38984375 0.0515625 0.0375
0 0.9015625 0.16015625 0.053125 0.040625
0 0.84609375 0.16171875 0.046875 0.0375
0 0.91328125 0.08671875 0.0171875 0.0140625
