0 0.003125 0.47734375 0.00625 0.0265625
0 0.4765625 0.4859375 0.0109375 0.0296875
0 0.54296875 0.13046875 0.025 0.040625
0 0.16640625 0.43125 0.0203125 0.0234375
0 0.85234375 0.04609375 0.0140625 0.0296875
0 0.2140625 0.18515625 0.0203125 0.0203125
0 0.33125 0.14453125 0.0265625 0.021875
0 0.534375 0.0828125 0.01875 0.0296875
0 0.559375 0.14453125 0.01875 0.03125
0 0.78828125 0.4421875 0.01875 0.0421875
0 0.61015625 0.22890625 0.0234375 0.0359375
0 0.35078125 0.18046875 0.025 0.021875
0 0.321875 0.35390625 0.03125 0.0390625
0 0.053125 0.46171875 0.034375 0.0296875
0 0.42734375 0.24296875 0.021875 0.034375
0 0.9359375 0.34453125 0.0234375 0.04375
0 0.475 0.43046875 0.0234375 0.046875
0 0.52421875 0.30625 0.0203125 0.040625
0 0.4109375 0.37265625 0.028125 0.0625
0 0.91484375 0.5015625 0.03125 0.0484375
0 0.309375 0.82109375 0.03125 0.06875
