0 0.37109375 0.39296875 0.0234375 0.01875
0 0.9953125 0.3171875 0.009375 0.021875
0 0.59921875 0.36796875 0.021875 0.0203125
0 0.65703125 0.603125 0.0296875 0.025
0 0.9546875 0.5515625 0.0234375 0.01875
0 0.9203125 0.328125 0.0375 0.0234375
0 0.95546875 0.36484375 0.0234375 0.0203125
0 0.28515625 0.50234375 0.021875 0.01875
0 0.021875 0.515625 0.021875 0.01875
0 0.1859375 0.4875 0.025 0.021875
0 0.7921875 0.5125 0.0265625 0.0203125
0 0.6515625 0.34140625 0.0234375 0.021875
0 0.74140625 0.3984375 0.0203125 0.0203125
0 0.078125 0.53125 0.021875 0.01875
0 0.8046875 0.53984375 0.025 0.0203125
0 0.3140625 0.42421875 0.084375 0.0390625
0 0.7265625 0.35234375 0.025 0.0203125
0 0.80625 0.353125 0.0265625 0.021875
0 0.0109375 0.54140625 0.021875 0.0203125
0 0.1890625 0.51875 0.025 0.0203125
0 0.3609375 0.49140625 0.0234375 0.0203125
