0 0.896875 0.690625 0.00625 0.009375
0 0.89921875 0.71015625 0.0078125 0.0125
0 0.81328125 0.01640625 0.0265625 0.0328125
0 0.9140625 0.503125 0.0390625 0.034375
0 0.59140625 0.078125 0.1 0.1140625
0 0.02734375 0.21953125 0.0375 0.0328125
0 0.3078125 0.77109375 0.0359375 0.059375
0 0.92578125 0.034375 0.0203125 0.0640625
0 0.86796875 0.0265625 0.0203125 0.0515625
0 0.884375 0.43671875 0.040625 0.0390625
0 0.659375 0.221875 0.034375 0.065625
0 0.76171875 0.31640625 0.0375 0.0578125
0 0.15625 0.22578125 0.0375 0.03125
0 0.28125 0.65703125 0.034375 0.05625
0 0.371875 0.15234375 0.0359375 0.0640625
0 0.7671875 0.384375 0.0421875 0.05625
