0 0.85625 0.15859375 0.0609375 0.08125
0 0.7734375 0.12421875 0.0640625 0.08125
0 0.30859375 0.61796875 0.0515625 0.071875
0 0.46171875 0.38203125 0.021875 0.028125
0 0.3546875 0.490625 0.021875 0.0265625
0 0.5453125 0.28828125 0.0203125 0.0265625
0 0.20390625 0.61796875 0.0171875 0.0234375
0 0.278125 0.603125 0.0234375 0.028125
0 0.6546875 0.17421875 0.01875 0.025
0 0.3171875 0.54609375 0.0234375 0.028125
0 0.59765625 0.46796875 0.021875 0.028125
0 0.5890625 0.334375 0.01875 0.0265625
0 0.55625 0.321875 0.01875 0.025
0 0.634375 0.2359375 0.0203125 0.025
0 0.22734375 0.84765625 0.021875 0.0265625
0 0.703125 0.14609375 0.0203125 0.0265625
0 0.35390625 0.71015625 0.021875 0.028125
0 0.05546875 0.7890625 0.05 0.06875
0 0.48125 0.40859375 0.01875 0.025
0 0.28359375 0.81328125 0.0203125 0.0265625
0 0.5 0.58828125 0.0203125 0.0265625
0 0.1765625 0.91640625 0.021875 0.03125
0 0.5953125 0.64296875 0.0109375 0.0140625
0 0.071875 0.98828125 0.0140625 0.0171875
