0 0.43671875 0.4015625 0.0265625 0.059375
0 0.01171875 0.55546875 0.0234375 0.0453125
0 0.18125 0.08359375 0.021875 0.0484375
0 0.5390625 0.70546875 0.01875 0.0671875
0 0.10625 0.465625 0.0359375 0.0484375
0 0.3296875 0.43046875 0.025 0.0609375
0 0.15625 0.415625 0.0359375 0.0515625
0 0.28984375 0.2890625 0.0234375 0.05625
0 0.24765625 0.14453125 0.025 0.059375
0 0.2875 0.48046875 0.0234375 0.059375
0 0.27109375 0.2203125 0.0234375 0.0546875
0 0.21640625 0.028125 0.0234375 0.0515625
0 0.35 0.50546875 0.021875 0.0546875
0 0.43046875 0.7875 0.0296875 0.06875
0 0.45546875 0.8796875 0.0265625 0.0671875
0 0.22890625 0.14765625 0.009375 0.0171875
0 0.234375 0.15 0.009375 0.021875
0 0.2265625 0.00546875 0.0078125 0.009375
0 0.0328125 0.5328125 0.0171875 0.0109375
0 0.434375 0.096875 0.00625 0.0109375
0 0.5015625 0.16015625 0.0046875 0.0140625
0 0.5125 0.07890625 0.0046875 0.00625
0 0.5515625 0.1375 0.0046875 0.00625
0 0.55625 0.51796875 0.0046875 0.0078125
0 0.9234375 0.85 0.00625 0.0140625
0 0.93828125 0.97265625 0.0078125 0.009375
0 0.925 0.97734375 0.009375 0.01875
0 0.6359375 0.24296875 0.00625 0.0140625
0 0.72265625 0.22734375 0.003125 0.0046875
0 0.55625 0.13359375 0.0046875 0.009375
