0 0.096875 0.07421875 0.009375 0.021875
0 0.109375 0.06953125 0.0109375 0.0265625
0 0.5375 0.028125 0.0171875 0.0546875
0 0.51953125 0.18984375 0.025 0.075
0 0.45625 0.04296875 0.0296875 0.0828125
0 0.0328125 0.02578125 0.05625 0.04375
0 0.43046875 0.7828125 0.0375 0.11875
0 0.33671875 0.728125 0.0390625 0.10625
0 0.40625 0.9359375 0.0453125 0.1265625
0 0.5 0.06640625 0.0296875 0.075
0 0.30546875 0.8734375 0.04375 0.13125
0 0.446875 0.45859375 0.009375 0.025
0 0.4546875 0.44921875 0.0109375 0.0296875
0 0.36015625 0.43515625 0.0234375 0.0296875
0 0.46953125 0.0796875 0.009375 0.0265625
0 0.53046875 0.1015625 0.0265625 0.08125
