0 0.425 0.009375 0.0140625 0.0171875
0 0.4328125 0.94453125 0.0171875 0.0734375
0 0.4640625 0.32421875 0.0125 0.046875
0 0.4375 0.54375 0.0140625 0.0546875
0 0.43828125 0.34140625 0.0140625 0.053125
0 0.4671875 0.18828125 0.0140625 0.053125
0 0.3984375 0.14765625 0.015625 0.059375
0 0.5375 0.70859375 0.0125 0.0546875
0 0.509375 0.97265625 0.0140625 0.053125
0 0.4109375 0.81640625 0.0140625 0.0546875
0 0.43359375 0.75078125 0.0140625 0.0515625
0 0.49375 0.58671875 0.0140625 0.059375
0 0.50390625 0.03359375 0.0140625 0.0609375
0 0.415625 0.38984375 0.0140625 0.059375
0 0.459375 0.603125 0.0140625 0.05
