0 0.01171875 0.65859375 0.021875 0.059375
0 0.84375 0.05 0.00625 0.028125
0 0.60234375 0.684375 0.015625 0.0265625
0 0.5890625 0.64296875 0.028125 0.028125
0 0.50390625 0.00703125 0.0171875 0.0140625
0 0.78046875 0.64453125 0.015625 0.0265625
0 0.01015625 0.63828125 0.01875 0.0390625
0 0.5875 0.7234375 0.01875 0.021875
0 0.57734375 0.59375 0.0203125 0.0296875
0 0.2671875 0.71875 0.0234375 0.0265625
0 0.3609375 0.01328125 0.015625 0.025
0 0.875 0.690625 0.01875 0.028125
0 0.990625 0.64609375 0.01875 0.0359375
0 0.0140625 0.678125 0.0265625 0.0296875
0 0.2625 0.63671875 0.0328125 0.028125
0 0.2640625 0.678125 0.0328125 0.0296875
0 0.88359375 0.6484375 0.0375 0.0328125
0 0.934375 0.596875 0.0375 0.0296875
0 0.88046875 0.603125 0.03125 0.028125
0 0.35390625 0.29609375 0.01875 0.0640625
0 0.20078125 0.09296875 0.01875 0.0625
0 0.40390625 0.4734375 0.021875 0.0765625
0 0.0140625 0.728125 0.0265625 0.03125
0 0.49765625 0.28359375 0.01875 0.0734375
0 0.77421875 0.6890625 0.03125 0.03125
0 0.115625 0.43125 0.0203125 0.059375
0 0.84453125 0.26796875 0.01875 0.0625
0 0.52890625 0.2859375 0.0171875 0.0671875
0 0.94375 0.6484375 0.05 0.034375
0 0.9234375 0.6921875 0.040625 0.03125
0 0.8390625 0.396875 0.0171875 0.0703125
0 0.77421875 0.60078125 0.028125 0.028125
0 0.14765625 0.04296875 0.021875 0.0625
0 0.74296875 0.64453125 0.0359375 0.03125
0 0.36875 0.459375 0.0203125 0.065625
0 0.3546875 0.72578125 0.021875 0.065625
0 0.8125 0.5609375 0.01875 0.071875
0 0.39375 0.715625 0.025 0.0828125
0 0.8375 0.6671875 0.0203125 0.0828125
0 0.48125 0.8390625 0.021875 0.0765625
0 0.3890625 0.140625 0.01875 0.06875
0 0.328125 0.60859375 0.0234375 0.0703125
0 0.33125 0.90625 0.0234375 0.0859375
0 0.521875 0.84140625 0.0203125 0.0765625
0 0.82109375 0.07578125 0.01875 0.0765625
0 0.46640625 0.40078125 0.01875 0.06875
0 0.97421875 0.78203125 0.046875 0.0375
0 0.4546875 0.6265625 0.021875 0.0859375
