0 0.990625 0.90390625 0.01875 0.1
0 0.88046875 0.33828125 0.059375 0.0703125
0 0.92265625 0.975 0.0578125 0.0484375
0 0.025 0.73515625 0.05 0.071875
0 0.090625 0.61640625 0.0828125 0.0703125
0 0.77578125 0.1609375 0.0671875 0.0640625
0 0.9515625 0.38359375 0.059375 0.071875
0 0.64296875 0.55546875 0.05625 0.0703125
0 0.58984375 0.11796875 0.071875 0.0640625
0 0.4671875 0.37578125 0.078125 0.0703125
0 0.8546875 0.234375 0.0703125 0.0734375
0 0.778125 0.42890625 0.0625 0.0859375
0 0.21875 0.70390625 0.084375 0.0765625
0 0.553125 0.47890625 0.078125 0.0796875
0 0.41640625 0.578125 0.078125 0.0875
0 0.2515625 0.5828125 0.090625 0.0765625
