0 0.559375 0.51015625 0.0125 0.0203125
0 0.41171875 0.39921875 0.0140625 0.021875
0 0.690625 0.6921875 0.021875 0.0671875
0 0.9140625 0.62734375 0.128125 0.096875
0 0.82109375 0.57109375 0.025 0.0203125
0 0.51171875 0.5890625 0.0125 0.0171875
0 0.5046875 0.37734375 0.021875 0.025
0 0.4421875 0.39453125 0.0140625 0.0203125
0 0.5109375 0.5703125 0.0125 0.01875
0 0.7421875 0.6234375 0.025 0.109375
0 0.475 0.49375 0.0171875 0.028125
0 0.4703125 0.58125 0.0125 0.015625
0 0.571875 0.575 0.0125 0.0171875
0 0.7765625 0.5953125 0.025 0.025
0 0.965625 0.44921875 0.0328125 0.034375
0 0.30390625 0.5453125 0.025 0.0265625
0 0.45546875 0.37265625 0.0109375 0.021875
0 0.78828125 0.64921875 0.0203125 0.021875
0 0.82421875 0.63203125 0.028125 0.0859375
0 0.48515625 0.58203125 0.0140625 0.0265625
0 0.46796875 0.39765625 0.0140625 0.0234375
0 0.76640625 0.63984375 0.0203125 0.0265625
0 0.0578125 0.40625 0.0359375 0.0265625
0 0.340625 0.571875 0.0203125 0.021875
0 0.2828125 0.575 0.0171875 0.0234375
0 0.540625 0.57734375 0.0171875 0.0203125
0 0.2953125 0.62109375 0.015625 0.025
0 0.434375 0.5703125 0.01875 0.0203125
0 0.6921875 0.56875 0.025 0.034375
0 0.021875 0.6296875 0.04375 0.15625
0 0.16015625 0.6328125 0.0875 0.1421875
0 0.634375 0.6625 0.0796875 0.0671875
0 0.2546875 0.6421875 0.1015625 0.153125
0 0.34765625 0.640625 0.0796875 0.134375
0 0.5328125 0.65703125 0.103125 0.0734375
0 0.4234375 0.6375 0.0859375 0.153125
0 0.36875 0.40859375 0.0203125 0.021875
0 0.45703125 0.5453125 0.015625 0.01875
0 0.46640625 0.55859375 0.0171875 0.0234375
0 0.725 0.44453125 0.01875 0.0265625
