0 0.1796875 0.64296875 0.0046875 0.009375
0 0.1828125 0.18125 0.0046875 0.009375
0 0.19296875 0.63203125 0.0046875 0.0078125
0 0.2109375 0.69140625 0.0046875 0.0078125
0 0.1875 0.953125 0.0125 0.0390625
0 0.03984375 0.74921875 0.0078125 0.0078125
0 0.16953125 0.19765625 0.0046875 0.0125
0 0.8546875 0.00703125 0.0234375 0.0125
0 0.18046875 0.45078125 0.0046875 0.009375
0 0.98828125 0.32109375 0.0234375 0.0390625
0 0.38828125 0.96171875 0.009375 0.0390625
0 0.04765625 0.8046875 0.040625 0.0796875
0 0.79296875 0.52890625 0.04375 0.0390625
0 0.33984375 0.95703125 0.015625 0.03125
0 0.8796875 0.0296875 0.0265625 0.0359375
0 0.71015625 0.02421875 0.028125 0.0375
0 0.9484375 0.08984375 0.0234375 0.025
0 0.853125 0.14921875 0.025 0.0328125
0 0.6296875 0.0296875 0.0140625 0.04375
0 0.90546875 0.053125 0.0296875 0.04375
0 0.87890625 0.08828125 0.0140625 0.0515625
