0 0.00625 0.58984375 0.0125 0.065625
0 0.15078125 0.41015625 0.025 0.0546875
0 0.49375 0.67578125 0.015625 0.0625
0 0.528125 0.98125 0.0171875 0.0359375
0 0.55546875 0.07734375 0.015625 0.0734375
0 0.45625 0.934375 0.0390625 0.0296875
0 0.084375 0.428125 0.025 0.0515625
0 0.18984375 0.7015625 0.015625 0.0609375
0 0.55703125 0.4125 0.015625 0.0609375
0 0.7546875 0.64375 0.046875 0.03125
0 0.5265625 0.9078125 0.0171875 0.06875
0 0.90859375 0.65390625 0.0375 0.028125
0 0.70625 0.640625 0.0359375 0.028125
0 0.759375 0.484375 0.0421875 0.0296875
0 0.5609375 0.7125 0.0390625 0.0359375
0 0.5578125 0.1765625 0.0171875 0.0734375
0 0.85078125 0.68515625 0.0328125 0.034375
0 0.81171875 0.76015625 0.01875 0.065625
0 0.05625 0.70234375 0.0375 0.028125
0 0.52734375 0.825 0.0171875 0.06875
0 0.1296875 0.41484375 0.03125 0.065625
0 0.9578125 0.65234375 0.0375 0.0296875
0 0.47109375 0.55390625 0.0328125 0.05
0 0.6296875 0.4125 0.0234375 0.06875
0 0.6609375 0.640625 0.0390625 0.0296875
0 0.0859375 0.58046875 0.0265625 0.0703125
0 0.60625 0.7265625 0.0390625 0.034375
0 0.60390625 0.4109375 0.0265625 0.06875
0 0.4375 0.41953125 0.028125 0.059375
0 0.86015625 0.646875 0.0390625 0.0296875
0 0.55234375 0.27265625 0.01875 0.0703125
0 0.05546875 0.59140625 0.03125 0.065625
0 0.253125 0.41171875 0.028125 0.0546875
0 0.1765625 0.415625 0.0296875 0.0609375
0 0.60703125 0.63984375 0.0421875 0.03125
0 0.03828125 0.41484375 0.034375 0.06875
0 0.275 0.51328125 0.0421875 0.03125
0 0.57890625 0.8734375 0.034375 0.0609375
0 0.40625 0.41796875 0.03125 0.059375
0 0.51484375 0.55625 0.0390625 0.03125
0 0.2015625 0.41484375 0.03125 0.0609375
0 0.2875 0.421875 0.0296875 0.0625
0 0.209375 0.57890625 0.0390625 0.059375
0 0.228125 0.415625 0.0296875 0.0625
0 0.91015625 0.52734375 0.040625 0.0296875
0 0.10390625 0.41484375 0.0296875 0.065625
0 0.31640625 0.41953125 0.0296875 0.059375
0 0.02734375 0.58203125 0.0296875 0.0671875
0 0.71484375 0.5828125 0.00625 0.009375
0 0.9375 0.16640625 0.009375 0.0125
