0 0.84765625 0.08359375 0.0421875 0.0296875
0 0.84375 0.053125 0.0375 0.03125
0 0.79765625 0.015625 0.0390625 0.0296875
0 0.86796875 0.1515625 0.0375 0.0375
0 0.85 0.1140625 0.0421875 0.0328125
0 0.89921875 0.60859375 0.05 0.0390625
0 0.86953125 0.296875 0.040625 0.0359375
0 0.5375 0.93515625 0.028125 0.1265625
0 0.9046875 0.653125 0.05 0.0390625
0 0.8765625 0.2015625 0.04375 0.0390625
0 0.88046875 0.49140625 0.046875 0.0359375
0 0.865625 0.25703125 0.04375 0.0390625
0 0.88515625 0.53125 0.0484375 0.040625
0 0.87578125 0.44140625 0.0484375 0.0453125
0 0.153125 0.734375 0.0453125 0.040625
0 0.5703125 0.61640625 0.0203125 0.0765625
0 0.22890625 0.35546875 0.04375 0.0453125
0 0.2078125 0.47734375 0.0453125 0.0421875
0 0.1234375 0.875 0.053125 0.046875
