0 0.9 0.865625 0.01875 0.053125
0 0.4296875 0.83046875 0.015625 0.028125
0 0.509375 0.9828125 0.040625 0.0328125
0 0.64296875 0.9625 0.0421875 0.0734375
0 0.70390625 0.94765625 0.0421875 0.1046875
0 0.5140625 0.81875 0.04375 0.18125
0 0.8140625 0.83828125 0.0515625 0.21875
0 0.7953125 0.3984375 0.0453125 0.16875
0 0.09296875 0.91484375 0.0421875 0.1609375
0 0.56484375 0.18828125 0.046875 0.2078125
0 0.73203125 0.39375 0.0421875 0.178125
0 0.8671875 0.78984375 0.0453125 0.1875
0 0.57109375 0.834375 0.0515625 0.1859375
0 0.615625 0.3875 0.05 0.20625
0 0.7 0.78671875 0.04375 0.1890625
0 0.8546875 0.39296875 0.04375 0.1765625
0 0.49921875 0.41484375 0.040625 0.178125
0 0.45546875 0.82578125 0.05 0.1984375
0 0.4421875 0.43515625 0.046875 0.2234375
0 0.84921875 0.16796875 0.0484375 0.184375
0 0.6734375 0.16015625 0.04375 0.1734375
