0 0.4078125 0.53984375 0.00625 0.0203125
0 0.41328125 0.57890625 0.0078125 0.0203125
0 0.42734375 0.55 0.00625 0.01875
0 0.57734375 0.103125 0.015625 0.040625
0 0.6 0.28671875 0.0125 0.0484375
0 0.42109375 0.3859375 0.015625 0.0625
0 0.525 0.0671875 0.0171875 0.053125
0 0.46328125 0.571875 0.01875 0.06875
0 0.44453125 0.30546875 0.0171875 0.0546875
0 0.4828125 0.4734375 0.01875 0.0625
0 0.4171875 0.26875 0.0171875 0.059375
0 0.190625 0.4140625 0.028125 0.05625
0 0.45 0.90703125 0.0390625 0.0578125
0 0.4609375 0.83671875 0.0375 0.0546875
0 0.57265625 0.0625 0.0171875 0.040625
