0 0.9546875 0.54609375 0.009375 0.0265625
0 0.51484375 0.61171875 0.0046875 0.025
0 0.51328125 0.6015625 0.0046875 0.0234375
0 0.5234375 0.61015625 0.00625 0.021875
0 0.521875 0.60078125 0.0046875 0.021875
0 0.55390625 0.66953125 0.0046875 0.0265625
0 0.54921875 0.65859375 0.0046875 0.028125
0 0.546875 0.64921875 0.00625 0.028125
0 0.54609375 0.64375 0.0046875 0.0265625
0 0.55 0.6328125 0.0046875 0.025
0 0.553125 0.6296875 0.0046875 0.021875
0 0.55625 0.62734375 0.0046875 0.0234375
0 0.5609375 0.6265625 0.0046875 0.025
0 0.56484375 0.6265625 0.0046875 0.0234375
0 0.57109375 0.6265625 0.0078125 0.025
0 0.57734375 0.62890625 0.0046875 0.0234375
0 0.5828125 0.6359375 0.0046875 0.0203125
0 0.58828125 0.64453125 0.0046875 0.0203125
0 0.584375 0.6609375 0.0046875 0.01875
0 0.58046875 0.665625 0.0046875 0.025
0 0.96796875 0.50546875 0.0140625 0.025
0 0.98203125 0.52734375 0.0109375 0.025
0 0.98359375 0.54921875 0.009375 0.0234375
0 0.97578125 0.5734375 0.0109375 0.0234375
0 0.9609375 0.54765625 0.0078125 0.0234375
