0 0.41953125 0.07734375 0.0140625 0.053125
0 0.64140625 0.88671875 0.0125 0.01875
0 0.41171875 0.39765625 0.0203125 0.0671875
0 0.4640625 0.75546875 0.0234375 0.059375
0 0.084375 0.1453125 0.0203125 0.01875
0 0.871875 0.11171875 0.0171875 0.0515625
0 0.3328125 0.82109375 0.0234375 0.0546875
0 0.99140625 0.009375 0.0171875 0.0171875
0 0.48125 0.9703125 0.015625 0.015625
0 0.3109375 0.071875 0.0140625 0.01875
0 0.8265625 0.8546875 0.0203125 0.0890625
0 0.259375 0.1 0.0203125 0.0203125
0 0.325 0.74296875 0.0125 0.0328125
0 0.3921875 0.915625 0.0171875 0.0265625
0 0.025 0.07109375 0.0109375 0.0328125
0 0.49375 0.4703125 0.0125 0.034375
0 0.22734375 0.9078125 0.0375 0.046875
0 0.25703125 0.07421875 0.0203125 0.0203125
0 0.30859375 0.659375 0.0140625 0.0375
0 0.41640625 0.14375 0.0125 0.0359375
0 0.190625 0.128125 0.0203125 0.01875
0 0.2921875 0.65546875 0.0125 0.034375
0 0.42421875 0.34609375 0.0125 0.034375
0 0.46640625 0.4734375 0.0109375 0.034375
0 0.5015625 0.040625 0.01875 0.0171875
0 0.43671875 0.96015625 0.021875 0.021875
0 0.83125 0.446875 0.0125 0.03125
0 0.24296875 0.16953125 0.021875 0.0203125
0 0.1 0.17109375 0.021875 0.0203125
0 0.4859375 0.6046875 0.0125 0.034375
0 0.2078125 0.378125 0.0203125 0.03125
0 0.86796875 0.4 0.0125 0.0328125
0 0.44921875 0.1671875 0.0125 0.0375
0 0.171875 0.71953125 0.01875 0.03125
0 0.46328125 0.66328125 0.0140625 0.0375
0 0.309375 0.90859375 0.0203125 0.028125
0 0.24140625 0.8296875 0.0203125 0.028125
0 0.52265625 0.7078125 0.0140625 0.0359375
0 0.05546875 0.70234375 0.01875 0.028125
0 0.26640625 0.5421875 0.015625 0.0359375
0 0.8578125 0.25546875 0.0125 0.0390625
0 0.50546875 0.8390625 0.015625 0.0390625
0 0.35859375 0.95078125 0.0203125 0.0265625
0 0.153125 0.184375 0.0203125 0.0203125
0 0.12265625 0.79453125 0.025 0.03125
