0 0.95546875 0.62265625 0.009375 0.0203125
0 0.95859375 0.62109375 0.0078125 0.0171875
0 0.86328125 0.61015625 0.0078125 0.0140625
0 0.92890625 0.61640625 0.00625 0.0203125
0 0.99140625 0.5984375 0.009375 0.01875
0 0.9453125 0.62109375 0.0078125 0.0203125
0 0.8765625 0.61953125 0.009375 0.0171875
0 0.90625 0.609375 0.0078125 0.01875
0 0.92421875 0.61328125 0.0078125 0.0203125
0 0.98203125 0.59765625 0.0078125 0.0203125
0 0.97265625 0.628125 0.0078125 0.01875
0 0.75078125 0.121875 0.015625 0.009375
0 0.8828125 0.6203125 0.0078125 0.01875
0 0.78515625 0.41484375 0.015625 0.0109375
0 0.74765625 0.1390625 0.015625 0.0125
0 0.60703125 0.82421875 0.0078125 0.0265625
0 0.78046875 0.3734375 0.0359375 0.028125
0 0.50234375 0.90859375 0.0078125 0.0234375
0 0.6078125 0.0875 0.0203125 0.06875
0 0.42734375 0.8109375 0.0203125 0.071875
0 0.8171875 0.38046875 0.0359375 0.0328125
0 0.88125 0.40546875 0.0390625 0.0359375
0 0.690625 0.06875 0.0390625 0.040625
0 0.1703125 0.67109375 0.0296875 0.0484375
