0 0.36484375 0.72734375 0.015625 0.04375
0 0.3515625 0.5078125 0.0140625 0.034375
0 0.2484375 0.3125 0.0140625 0.0390625
0 0.26171875 0.98515625 0.0171875 0.0265625
0 0.21484375 0.290625 0.0140625 0.0375
0 0.2359375 0.303125 0.0125 0.0390625
0 0.121875 0.53046875 0.021875 0.0421875
0 0.1109375 0.515625 0.0109375 0.03125
0 0.215625 0.028125 0.0171875 0.034375
0 0.378125 0.07265625 0.0109375 0.0390625
0 0.371875 0.05625 0.0078125 0.0328125
0 0.3640625 0.04921875 0.0125 0.04375
0 0.23203125 0.99375 0.0140625 0.0125
