0 0.65625 0.65546875 0.015625 0.034375
0 0.6609375 0.02265625 0.015625 0.04375
0 0.3828125 0.13828125 0.025 0.046875
0 0.25625 0.16328125 0.0234375 0.0453125
0 0.7078125 0.2 0.0234375 0.0453125
0 0.5421875 0.20078125 0.0203125 0.0515625
0 0.33828125 0.83515625 0.046875 0.0546875
0 0.171875 0.5046875 0.0375 0.078125
0 0.2390625 0.27265625 0.0265625 0.053125
0 0.171875 0.83359375 0.040625 0.084375
0 0.61484375 0.45703125 0.03125 0.0625
0 0.04375 0.8296875 0.0453125 0.09375
0 0.259375 0.4203125 0.03125 0.059375
