0 0.61171875 0.309375 0.0328125 0.0625
0 0.6453125 0.4 0.0359375 0.05625
0 0.61015625 0.45390625 0.0359375 0.0578125
0 0.7140625 0.28359375 0.03125 0.0578125
0 0.48515625 0.51875 0.034375 0.059375
0 0.434375 0.59609375 0.034375 0.0640625
0 0.303125 0.80859375 0.0359375 0.0578125
0 0.34140625 0.61953125 0.0359375 0.0546875
0 0.425 0.73984375 0.034375 0.0609375
0 0.240625 0.91796875 0.034375 0.0578125
0 0.20625 0.971875 0.0328125 0.05625
0 0.24375 0.54140625 0.009375 0.0203125
0 0.23515625 0.53828125 0.00625 0.0234375
0 0.20234375 0.45859375 0.0078125 0.0140625
0 0.22734375 0.5078125 0.0078125 0.009375
