0 0.4734375 0.46875 0.0078125 0.015625
0 0.18359375 0.61484375 0.0390625 0.059375
0 0.440625 0.43984375 0.046875 0.053125
0 0.13984375 0.96796875 0.084375 0.059375
0 0.9703125 0.1375 0.0390625 0.0453125
0 0.8578125 0.12890625 0.0421875 0.046875
0 0.134375 0.89375 0.0515625 0.0609375
0 0.89296875 0.33515625 0.04375 0.046875
0 0.48515625 0.7390625 0.0515625 0.0609375
0 0.5 0.5640625 0.0515625 0.05625
0 0.33125 0.428125 0.0515625 0.0625
0 0.2390625 0.43671875 0.0484375 0.0578125
0 0.73046875 0.2453125 0.0453125 0.0515625
0 0.55625 0.20703125 0.0453125 0.053125
0 0.55625 0.2671875 0.05 0.053125
0 0.375 0.72578125 0.0796875 0.0828125
