0 0.028125 0.41015625 0.0296875 0.0875
0 0.05859375 0.415625 0.028125 0.0859375
0 0.090625 0.409375 0.0296875 0.084375
0 0.12265625 0.41484375 0.028125 0.0984375
0 0.153125 0.41484375 0.0296875 0.1015625
0 0.184375 0.415625 0.025 0.090625
0 0.0296875 0.58515625 0.059375 0.046875
0 0.09453125 0.58828125 0.0609375 0.046875
0 0.16328125 0.5828125 0.0515625 0.0421875
0 0.6703125 0.9921875 0.021875 0.015625
0 0.309375 0.065625 0.0296875 0.1109375
0 0.30859375 0.18515625 0.0234375 0.0671875
0 0.30859375 0.2828125 0.0296875 0.109375
0 0.31875 0.36484375 0.0109375 0.0171875
0 0.2421875 0.32890625 0.0140625 0.021875
0 0.23125 0.35078125 0.0125 0.015625
0 0.26328125 0.6734375 0.0125 0.021875
0 0.2140625 0.559375 0.0140625 0.01875
0 0.22734375 0.54765625 0.0125 0.01875
0 0.228125 0.51171875 0.0109375 0.0140625
0 0.2375 0.509375 0.0109375 0.015625
0 0.23984375 0.53984375 0.009375 0.0234375
0 0.2484375 0.54375 0.0109375 0.0203125
0 0.43125 0.571875 0.015625 0.0203125
0 0.72109375 0.53203125 0.009375 0.01875
0 0.73671875 0.98359375 0.015625 0.0265625
0 0.7828125 0.85625 0.0109375 0.01875
