0 0.00625 0.52578125 0.0109375 0.0546875
0 0.35546875 0.23125 0.021875 0.0484375
0 0.0078125 0.35703125 0.0140625 0.0453125
0 0.34375 0.87421875 0.0375 0.040625
0 0.98515625 0.540625 0.0296875 0.05625
0 0.9265625 0.884375 0.065625 0.04375
0 0.02109375 0.7828125 0.040625 0.04375
0 0.790625 0.53671875 0.0671875 0.0484375
0 0.309375 0.434375 0.0859375 0.05625
0 0.1140625 0.5375 0.0640625 0.04375
0 0.03125 0.43515625 0.0625 0.04375
0 0.7125 0.446875 0.0578125 0.046875
0 0.2 0.7015625 0.06875 0.053125
0 0.8125 0.17265625 0.06875 0.0515625
0 0.3296875 0.7875 0.0625 0.0453125
0 0.909375 0.71484375 0.0625 0.0484375
0 0.94140625 0.8015625 0.0609375 0.0453125
0 0.13046875 0.1640625 0.0625 0.0453125
0 0.8953125 0.44296875 0.0734375 0.046875
0 0.334375 0.359375 0.05625 0.046875
0 0.15078125 0.3125 0.0609375 0.053125
0 0.1890625 0.8671875 0.0703125 0.0515625
0 0.50234375 0.72578125 0.0296875 0.1296875
0 0.296875 0.546875 0.0640625 0.0484375
0 0.15 0.4359375 0.065625 0.05
0 0.9046875 0.240625 0.0609375 0.0484375
