0 0.1109375 0.39765625 0.0828125 0.059375
0 0.0234375 0.3984375 0.046875 0.0640625
0 0.0640625 0.45546875 0.0359375 0.028125
0 0.0515625 0.603125 0.0921875 0.0671875
0 0.1734375 0.6046875 0.0875 0.0609375
0 0.27578125 0.60703125 0.096875 0.0671875
0 0.13671875 0.70078125 0.025 0.01875
0 0.45703125 0.70703125 0.01875 0.01875
0 0.46015625 0.7484375 0.0109375 0.028125
0 0.4890625 0.92578125 0.0109375 0.0296875
0 0.46171875 0.93125 0.009375 0.0234375
0 0.57265625 0.896875 0.0140625 0.0609375
0 0.62421875 0.61015625 0.028125 0.0578125
0 0.6484375 0.76875 0.040625 0.1265625
0 0.69375 0.91171875 0.0390625 0.1328125
0 0.85546875 0.65703125 0.0328125 0.053125
0 0.68359375 0.49453125 0.040625 0.0359375
0 0.80859375 0.42578125 0.0359375 0.0265625
0 0.3109375 0.2734375 0.0390625 0.034375
0 0.4296875 0.3421875 0.0375 0.0234375
0 0.35 0.45859375 0.034375 0.03125
0 0.4953125 0.3484375 0.009375 0.0203125
0 0.48359375 0.35 0.0125 0.0203125
