0 0.01171875 0.2734375 0.021875 0.03125
0 0.046875 0.29765625 0.034375 0.0359375
0 0.12109375 0.33828125 0.0375 0.0421875
0 0.32890625 0.440625 0.0296875 0.034375
0 0.3765625 0.46640625 0.03125 0.0421875
0 0.34140625 0.66796875 0.0390625 0.0421875
0 0.26484375 0.60390625 0.040625 0.0421875
0 0.621875 0.48359375 0.021875 0.0671875
0 0.5515625 0.46015625 0.0203125 0.0609375
0 0.565625 0.3859375 0.0234375 0.06875
0 0.61484375 0.08359375 0.0203125 0.0515625
0 0.60546875 0.1578125 0.0234375 0.065625
0 0.59296875 0.23125 0.025 0.06875
0 0.78125 0.69453125 0.0359375 0.0390625
0 0.82734375 0.7171875 0.04375 0.040625
0 0.73671875 0.66171875 0.0046875 0.0265625
0 0.721875 0.65625 0.0046875 0.025
0 0.70703125 0.65 0.00625 0.025
0 0.7 0.646875 0.0046875 0.025
0 0.69140625 0.6421875 0.00625 0.028125
0 0.684375 0.63828125 0.0046875 0.0234375
0 0.67890625 0.63515625 0.00625 0.0265625
0 0.67265625 0.6328125 0.00625 0.03125
0 0.66640625 0.6328125 0.0046875 0.025
0 0.659375 0.62578125 0.00625 0.0265625
0 0.6515625 0.625 0.0046875 0.028125
0 0.640625 0.61015625 0.00625 0.0265625
0 0.634375 0.60625 0.00625 0.025
0 0.72890625 0.86953125 0.0078125 0.0265625
0 0.709375 0.8609375 0.00625 0.021875
0 0.696875 0.85546875 0.0046875 0.0234375
0 0.69140625 0.85625 0.0078125 0.025
0 0.66875 0.83671875 0.00625 0.0203125
0 0.6234375 0.81328125 0.0046875 0.0203125
0 0.590625 0.80625 0.0046875 0.021875
0 0.58515625 0.803125 0.0046875 0.021875
0 0.57890625 0.7984375 0.00625 0.021875
0 0.54765625 0.78359375 0.0046875 0.0234375
0 0.51328125 0.76328125 0.00625 0.0234375
0 0.48515625 0.746875 0.00625 0.01875
0 0.47421875 0.74453125 0.00625 0.0203125
0 0.46796875 0.73984375 0.0046875 0.0234375
0 0.45625 0.73359375 0.00625 0.0203125
0 0.41171875 0.71484375 0.0046875 0.0203125
0 0.40625 0.7109375 0.00625 0.01875
0 0.3859375 0.69609375 0.00625 0.0234375
0 0.69609375 0.0484375 0.009375 0.0125
0 0.69453125 0.0671875 0.0109375 0.015625
0 0.67890625 0.14453125 0.0078125 0.0140625
0 0.6734375 0.17890625 0.0078125 0.0109375
0 0.67265625 0.19453125 0.0078125 0.0078125
0 0.6359375 0.42265625 0.0125 0.0140625
0 0.63046875 0.44375 0.0109375 0.009375
0 0.6453125 0.3546875 0.00625 0.0125
