0 0.3234375 0.04140625 0.009375 0.021875
0 0.53828125 0.11015625 0.0265625 0.040625
0 0.83984375 0.53359375 0.0515625 0.034375
0 0.60546875 0.1171875 0.0234375 0.0953125
0 0.34296875 0.39296875 0.0546875 0.0375
0 0.3484375 0.2953125 0.05 0.0375
0 0.66640625 0.765625 0.025 0.0875
0 0.67265625 0.03203125 0.0234375 0.0625
0 0.59921875 0.69765625 0.028125 0.1171875
0 0.67265625 0.1875 0.0234375 0.0859375
0 0.13359375 0.3921875 0.05625 0.0390625
0 0.671875 0.590625 0.0265625 0.1140625
0 0.6109375 0.45703125 0.025 0.10625
0 0.84609375 0.215625 0.0484375 0.0375
0 0.65703125 0.92421875 0.0328125 0.1140625
0 0.6734375 0.33671875 0.025 0.103125
0 0.5859375 0.928125 0.034375 0.1046875
