0 0.50859375 0.8828125 0.0109375 0.03125
0 0.840625 0.17109375 0.025 0.0296875
0 0.8390625 0.26796875 0.0140625 0.01875
0 0.32265625 0.92109375 0.0140625 0.0203125
0 0.8890625 0.64296875 0.01875 0.0421875
0 0.98984375 0.7078125 0.01875 0.1828125
0 0.52109375 0.94453125 0.040625 0.109375
0 0.80625 0.28203125 0.046875 0.2
0 0.87734375 0.94140625 0.0453125 0.1171875
0 0.228125 0.94140625 0.046875 0.115625
0 0.86796875 0.29765625 0.0453125 0.2015625
0 0.4578125 0.93515625 0.0453125 0.1296875
0 0.22421875 0.53203125 0.046875 0.1875
0 0.3859375 0.9390625 0.0515625 0.1203125
0 0.6875 0.28203125 0.0453125 0.1921875
0 0.5203125 0.515625 0.0421875 0.1890625
0 0.7484375 0.2765625 0.0453125 0.1671875
0 0.16875 0.9421875 0.0421875 0.1140625
0 0.559375 0.2875 0.0546875 0.2125
0 0.1578125 0.5015625 0.059375 0.234375
0 0.6890625 0.53828125 0.046875 0.209375
0 0.8703125 0.51640625 0.0484375 0.1953125
0 0.6109375 0.54375 0.0515625 0.21875
0 0.80625 0.49609375 0.046875 0.1953125
0 0.6265625 0.26796875 0.04375 0.1953125
0 0.5765625 0.9390625 0.0421875 0.1203125
0 0.38203125 0.5109375 0.046875 0.209375
0 0.69921875 0.93359375 0.0453125 0.13125
0 0.2765625 0.334375 0.053125 0.221875
0 0.83984375 0.38984375 0.0125 0.0375
0 0.5390625 0.8859375 0.0125 0.01875
0 0.5421875 0.86015625 0.0109375 0.0328125
