0 0.57109375 0.41328125 0.0171875 0.065625
0 0.92890625 0.16875 0.009375 0.0109375
0 0.00390625 0.5875 0.0078125 0.0671875
0 0.14609375 0.41015625 0.025 0.05625
0 0.48828125 0.6734375 0.015625 0.0625
0 0.521875 0.9796875 0.0171875 0.0390625
0 0.7484375 0.64296875 0.0484375 0.03125
0 0.078125 0.42578125 0.0265625 0.0546875
0 0.184375 0.69921875 0.015625 0.059375
0 0.80625 0.75859375 0.01875 0.0671875
0 0.54921875 0.0765625 0.015625 0.071875
0 0.69921875 0.6390625 0.0359375 0.028125
0 0.6546875 0.6390625 0.0390625 0.0296875
0 0.45 0.93203125 0.040625 0.03125
0 0.98828125 0.5265625 0.0234375 0.028125
0 0.903125 0.653125 0.0375 0.028125
0 0.46171875 0.54765625 0.034375 0.046875
0 0.775 0.4828125 0.040625 0.03125
0 0.04921875 0.70078125 0.0375 0.028125
0 0.9515625 0.6515625 0.0375 0.028125
0 0.55546875 0.7109375 0.0390625 0.0375
0 0.55078125 0.4109375 0.0171875 0.0625
0 0.5515625 0.17578125 0.0171875 0.0734375
0 0.83828125 0.6828125 0.034375 0.0390625
0 0.50859375 0.55546875 0.040625 0.0296875
0 0.0984375 0.4125 0.03125 0.0640625
0 0.6015625 0.63828125 0.0421875 0.03125
0 0.0796875 0.58046875 0.0265625 0.0703125
0 0.8546875 0.646875 0.0390625 0.03125
0 0.203125 0.57890625 0.0390625 0.059375
0 0.52109375 0.90703125 0.0171875 0.071875
0 0.246875 0.41015625 0.028125 0.053125
0 0.52109375 0.82421875 0.0171875 0.06875
0 0.54609375 0.271875 0.01875 0.071875
0 0.4 0.4171875 0.03125 0.059375
0 0.8859375 0.5265625 0.040625 0.0296875
0 0.12421875 0.41328125 0.0328125 0.0671875
0 0.246875 0.5109375 0.04375 0.03125
0 0.1703125 0.41328125 0.0296875 0.059375
0 0.6 0.72578125 0.0390625 0.03125
0 0.5984375 0.41171875 0.028125 0.06875
0 0.04921875 0.58828125 0.0328125 0.0671875
0 0.0203125 0.58125 0.0296875 0.0671875
0 0.03203125 0.4140625 0.034375 0.0671875
0 0.1953125 0.41328125 0.03125 0.0625
0 0.43203125 0.41796875 0.028125 0.0609375
0 0.571875 0.871875 0.034375 0.0609375
0 0.6234375 0.41171875 0.025 0.0703125
0 0.221875 0.41328125 0.03125 0.0625
0 0.3109375 0.41796875 0.0296875 0.059375
0 0.28203125 0.4203125 0.0296875 0.0625
