0 0.190625 0.83203125 0.0109375 0.0265625
0 0.12578125 0.84453125 0.00625 0.0234375
0 0.840625 0.878125 0.009375 0.021875
0 0.2484375 0.11015625 0.0078125 0.0140625
0 0.15 0.85234375 0.00625 0.0265625
0 0.16796875 0.83828125 0.0125 0.0265625
0 0.225 0.928125 0.009375 0.025
0 0.10078125 0.296875 0.009375 0.0125
0 0.1359375 0.85390625 0.00625 0.0203125
0 0.709375 0.0578125 0.00625 0.015625
0 0.1796875 0.834375 0.00625 0.025
0 0.11953125 0.8265625 0.00625 0.025
0 0.83359375 0.8609375 0.0109375 0.021875
0 0.21953125 0.96875 0.0078125 0.021875
0 0.71953125 0.078125 0.00625 0.015625
0 0.190625 0.93125 0.0125 0.021875
0 0.27109375 0.11171875 0.0078125 0.0140625
0 0.15859375 0.88828125 0.0078125 0.0265625
0 0.20078125 0.1703125 0.00625 0.0125
0 0.16953125 0.9 0.009375 0.025
0 0.7328125 0.07578125 0.0078125 0.0171875
0 0.61484375 0.96171875 0.00625 0.0265625
0 0.8484375 0.8984375 0.0078125 0.01875
0 0.2328125 0.93203125 0.009375 0.0265625
0 0.24140625 0.93359375 0.0078125 0.0234375
0 0.16015625 0.8640625 0.0078125 0.021875
0 0.86484375 0.91875 0.0125 0.025
0 0.21484375 0.92421875 0.009375 0.0265625
0 0.7125 0.05390625 0.0078125 0.0171875
0 0.25234375 0.94375 0.009375 0.025
0 0.6046875 0.9625 0.00625 0.025
0 0.87734375 0.9109375 0.0078125 0.025
0 0.18046875 0.91328125 0.009375 0.0234375
0 0.33046875 0.2234375 0.0109375 0.021875
0 0.82890625 0.83671875 0.0125 0.0234375
0 0.3046875 0.0359375 0.00625 0.0125
0 0.20078125 0.93984375 0.0109375 0.0234375
0 0.68828125 0.97578125 0.0078125 0.0265625
0 0.26015625 0.9515625 0.0078125 0.025
0 0.86171875 0.88359375 0.0109375 0.0265625
0 0.2 0.83125 0.00625 0.025
0 0.21328125 0.84375 0.009375 0.025
0 0.67890625 0.9875 0.0078125 0.021875
0 0.7296875 0.94140625 0.0125 0.0265625
0 0.22265625 0.8484375 0.0078125 0.025
0 0.81640625 0.84140625 0.0125 0.0203125
0 0.84453125 0.846875 0.0125 0.028125
0 0.165625 0.83984375 0.00625 0.0234375
0 0.178125 0.87265625 0.0078125 0.0265625
0 0.3609375 0.23671875 0.0078125 0.0265625
0 0.71796875 0.94140625 0.0125 0.0234375
0 0.20859375 0.9046875 0.0078125 0.025
0 0.77734375 0.8703125 0.0109375 0.03125
0 0.74140625 0.91484375 0.0078125 0.0234375
0 0.23828125 0.85546875 0.0109375 0.0265625
0 0.53828125 0.540625 0.0359375 0.03125
0 0.184375 0.50625 0.040625 0.034375
0 0.51953125 0.34609375 0.0375 0.0609375
0 0.2921875 0.58125 0.04375 0.034375
0 0.68515625 0.528125 0.0421875 0.034375
0 0.5390625 0.91875 0.0234375 0.084375
0 0.815625 0.85859375 0.0171875 0.0171875
0 0.8015625 0.84765625 0.0140625 0.0296875
0 0.7984375 0.86171875 0.0140625 0.0265625
0 0.7890625 0.86796875 0.0125 0.0296875
0 0.78984375 0.8984375 0.0109375 0.028125
0 0.784375 0.90703125 0.0109375 0.0234375
0 0.77578125 0.909375 0.009375 0.021875
0 0.77109375 0.92421875 0.0125 0.0296875
0 0.75078125 0.94765625 0.0125 0.0296875
0 0.7453125 0.9640625 0.0140625 0.025
0 0.75859375 0.8453125 0.0125 0.028125
0 0.75703125 0.8640625 0.0125 0.025
0 0.7546875 0.88671875 0.0125 0.0265625
0 0.7390625 0.85859375 0.009375 0.0296875
0 0.725 0.8859375 0.009375 0.028125
0 0.74765625 0.9015625 0.0140625 0.028125
0 0.71796875 0.89375 0.009375 0.028125
0 0.7125 0.89609375 0.009375 0.0265625
0 0.7046875 0.8953125 0.0078125 0.025
0 0.7 0.90859375 0.009375 0.0265625
0 0.69375 0.91875 0.0078125 0.025
0 0.70546875 0.965625 0.009375 0.03125
0 0.6890625 0.93125 0.009375 0.03125
