0 0.5609375 0.3328125 0.0140625 0.015625
0 0.825 0.14765625 0.0609375 0.0453125
0 0.81953125 0.1015625 0.0296875 0.0375
0 0.571875 0.9296875 0.0234375 0.1390625
0 0.82578125 0.1921875 0.0453125 0.040625
0 0.6109375 0.25390625 0.015625 0.059375
0 0.5078125 0.015625 0.0140625 0.03125
0 0.8296875 0.06015625 0.046875 0.04375
0 0.4984375 0.353125 0.0140625 0.0609375
0 0.50625 0.98125 0.0125 0.0359375
0 0.54375 0.9234375 0.015625 0.065625
0 0.4609375 0.353125 0.0140625 0.05625
0 0.521875 0.4734375 0.0140625 0.0515625
0 0.48359375 0.89765625 0.0140625 0.0640625
0 0.490625 0.6515625 0.015625 0.0734375
0 0.55 0.7484375 0.0140625 0.0609375
0 0.521875 0.23984375 0.015625 0.0625
0 0.58046875 0.621875 0.015625 0.0703125
0 0.55703125 0.45078125 0.015625 0.0625
0 0.55546875 0.5890625 0.015625 0.065625
0 0.5875 0.20625 0.0140625 0.0609375
0 0.5140625 0.69375 0.015625 0.0671875
0 0.30390625 0.5578125 0.0046875 0.0125
0 0.340625 0.66953125 0.00625 0.009375
0 0.80859375 0.33046875 0.0453125 0.0421875
