0 0.45859375 0.98359375 0.021875 0.0265625
0 0.93515625 0.4796875 0.021875 0.0203125
0 0.0234375 0.12109375 0.0453125 0.0484375
0 0.9734375 0.46015625 0.0265625 0.021875
0 0.603125 0.3796875 0.0203125 0.0234375
0 0.0265625 0.01796875 0.05 0.034375
0 0.9890625 0.41015625 0.021875 0.028125
0 0.01796875 0.05234375 0.03125 0.0296875
0 0.371875 0.325 0.0234375 0.0359375
0 0.45625 0.58359375 0.028125 0.0359375
0 0.309375 0.54921875 0.03125 0.03125
0 0.546875 0.60703125 0.021875 0.028125
0 0.5203125 0.5890625 0.0328125 0.03125
0 0.3828125 0.540625 0.0375 0.03125
0 0.015625 0.4328125 0.0296875 0.0265625
0 0.41640625 0.6578125 0.0234375 0.0359375
0 0.478125 0.56328125 0.0296875 0.0359375
0 0.57109375 0.55703125 0.0390625 0.0359375
0 0.41796875 0.5234375 0.0421875 0.03125
0 0.51171875 0.52734375 0.0234375 0.0375
0 0.4453125 0.76953125 0.021875 0.034375
0 0.37578125 0.58671875 0.0234375 0.034375
0 0.528125 0.690625 0.0296875 0.0390625
0 0.38984375 0.6828125 0.021875 0.0390625
0 0.484375 0.98203125 0.034375 0.0328125
0 0.4546875 0.63203125 0.0359375 0.0375
0 0.625 0.58359375 0.0265625 0.0359375
0 0.7421875 0.58203125 0.040625 0.0375
0 0.38125 0.6390625 0.03125 0.0359375
0 0.6171875 0.63671875 0.0265625 0.034375
0 0.421875 0.6078125 0.0359375 0.0359375
0 0.146875 0.571875 0.053125 0.034375
0 0.4375 0.70625 0.0328125 0.040625
0 0.5625 0.6453125 0.034375 0.034375
0 0.4828125 0.71796875 0.03125 0.0390625
0 0.4234375 0.56171875 0.0375 0.034375
0 0.69453125 0.55390625 0.0265625 0.034375
0 0.49375 0.65234375 0.021875 0.0390625
0 0.7578125 0.67421875 0.04375 0.0390625
0 0.48359375 0.48046875 0.03125 0.034375
0 0.38125 0.4890625 0.0390625 0.040625
0 0.3953125 0.79140625 0.0265625 0.040625
0 0.4015625 0.7390625 0.0375 0.0359375
0 0.3171875 0.49453125 0.0375 0.034375
0 0.63125 0.69921875 0.0296875 0.0375
0 0.2421875 0.6359375 0.0484375 0.0359375
0 0.7296875 0.63125 0.0234375 0.0375
0 0.52421875 0.76953125 0.0234375 0.0390625
