0 0.99375 0.76796875 0.0125 0.0203125
0 0.30234375 0.55859375 0.015625 0.034375
0 0.0125 0.68359375 0.025 0.0296875
0 0.015625 0.721875 0.03125 0.034375
0 0.98359375 0.48671875 0.0328125 0.0328125
0 0.1109375 0.8359375 0.028125 0.0375
0 0.121875 0.58671875 0.034375 0.028125
0 0.1765625 0.56640625 0.025 0.034375
0 0.22734375 0.64921875 0.025 0.03125
0 0.078125 0.84375 0.0359375 0.0390625
0 0.3234375 0.6546875 0.021875 0.034375
0 0.2 0.73046875 0.025 0.0296875
0 0.5515625 0.6828125 0.0234375 0.03125
0 0.1984375 0.4359375 0.0328125 0.03125
0 0.01953125 0.63515625 0.034375 0.034375
0 0.31171875 0.61015625 0.034375 0.03125
0 0.25234375 0.71171875 0.0296875 0.034375
0 0.2578125 0.6265625 0.025 0.034375
0 0.19765625 0.68984375 0.0359375 0.034375
0 0.621875 0.8234375 0.03125 0.0390625
0 0.37265625 0.634375 0.0171875 0.028125
0 0.59609375 0.534375 0.0328125 0.034375
0 0.903125 0.5390625 0.0390625 0.0296875
0 0.2625 0.58125 0.03125 0.028125
0 0.175 0.29140625 0.025 0.03125
0 0.75 0.6484375 0.03125 0.034375
0 0.3359375 0.72109375 0.021875 0.034375
0 0.4734375 0.60859375 0.03125 0.034375
0 0.77890625 0.5109375 0.03125 0.028125
0 0.26015625 0.6671875 0.0234375 0.034375
0 0.05859375 0.43515625 0.034375 0.03125
0 0.30078125 0.3984375 0.0203125 0.03125
0 0.7421875 0.740625 0.034375 0.034375
0 0.9765625 0.7453125 0.046875 0.0390625
0 0.103125 0.7578125 0.0328125 0.034375
0 0.10625 0.43515625 0.0328125 0.03125
0 0.1546875 0.628125 0.028125 0.028125
0 0.8890625 0.71328125 0.0484375 0.0375
0 0.3484375 0.809375 0.025 0.0390625
0 0.01875 0.36171875 0.0359375 0.0328125
0 0.53828125 0.628125 0.025 0.0296875
0 0.278125 0.52109375 0.0203125 0.028125
0 0.94296875 0.57421875 0.0484375 0.0296875
0 0.31328125 0.47734375 0.0234375 0.028125
0 0.48515625 0.33984375 0.0375 0.03125
0 0.178125 0.503125 0.025 0.034375
0 0.92578125 0.83203125 0.0515625 0.040625
0 0.83828125 0.63125 0.040625 0.03125
0 0.690625 0.57578125 0.028125 0.034375
0 0.571875 0.4796875 0.025 0.034375
0 0.0734375 0.5171875 0.0390625 0.028125
0 0.89921875 0.64765625 0.05 0.0359375
