0 0.053125 0.1140625 0.009375 0.0203125
0 0.06640625 0.04140625 0.0078125 0.0125
0 0.0515625 0.13515625 0.0078125 0.0109375
0 0.05859375 0.08203125 0.0109375 0.0140625
0 0.946875 0.1328125 0.0171875 0.021875
0 0.02265625 0.15546875 0.00625 0.01875
0 0.66171875 0.39921875 0.0125 0.01875
0 0.44453125 0.64921875 0.01875 0.025
0 0.9 0.0328125 0.009375 0.0140625
0 0.96171875 0.959375 0.00625 0.0234375
0 0.740625 0.3171875 0.0125 0.015625
0 0.70625 0.19140625 0.0125 0.021875
0 0.315625 0.8984375 0.0078125 0.0234375
0 0.6203125 0.31875 0.0125 0.015625
0 0.2203125 0.73828125 0.0140625 0.0171875
0 0.3625 0.69765625 0.0125 0.0171875
0 0.3375 0.0421875 0.009375 0.021875
0 0.69921875 0.91171875 0.0140625 0.0328125
0 0.403125 0.06640625 0.009375 0.0203125
0 0.303125 0.984375 0.0078125 0.025
0 0.6125 0.45234375 0.0125 0.01875
0 0.57890625 0.3578125 0.0140625 0.01875
0 0.85859375 0.8578125 0.0140625 0.0140625
0 0.30859375 0.6015625 0.0125 0.015625
0 0.36796875 0.7515625 0.0125 0.0203125
0 0.51484375 0.5625 0.0125 0.01875
0 0.659375 0.7875 0.0109375 0.025
0 0.55625 0.709375 0.0109375 0.021875
0 0.14296875 0.17265625 0.0125 0.021875
0 0.5921875 0.64375 0.0125 0.0234375
0 0.40390625 0.69921875 0.0125 0.0171875
0 0.1796875 0.12890625 0.0140625 0.015625
0 0.3421875 0.796875 0.009375 0.021875
0 0.35 0.121875 0.009375 0.0234375
0 0.47734375 0.28203125 0.0109375 0.021875
0 0.68984375 0.39140625 0.0453125 0.053125
