0 0.046875 0.85859375 0.0203125 0.0296875
0 0.0421875 0.8546875 0.015625 0.021875
0 0.0515625 0.86328125 0.0140625 0.0296875
0 0.4921875 0.02109375 0.0140625 0.03125
0 0.05 0.7734375 0.01875 0.03125
0 0.14375 0.6765625 0.01875 0.0265625
0 0.86015625 0.9359375 0.065625 0.128125
0 0.4765625 0.9421875 0.04375 0.1140625
0 0.6515625 0.78515625 0.04375 0.20625
0 0.4078125 0.34375 0.046875 0.2015625
0 0.53125 0.7734375 0.046875 0.19375
0 0.58203125 0.1390625 0.04375 0.1796875
0 0.8171875 0.3515625 0.046875 0.1859375
0 0.4703125 0.33828125 0.040625 0.1703125
0 0.64453125 0.35234375 0.0484375 0.2078125
0 0.6953125 0.12890625 0.0421875 0.184375
0 0.70078125 0.340625 0.0484375 0.1859375
0 0.5734375 0.365625 0.04375 0.1890625
0 0.81484375 0.15390625 0.046875 0.1875
0 0.82734375 0.75234375 0.05 0.196875
0 0.5140625 0.1234375 0.0484375 0.2015625
0 0.76328125 0.76640625 0.05 0.196875
