0 0.44453125 0.71640625 0.0078125 0.0171875
0 0.94453125 0.259375 0.0234375 0.021875
0 0.965625 0.2640625 0.0171875 0.021875
0 0.021875 0.965625 0.04375 0.06875
0 0.8625 0.3203125 0.025 0.0296875
0 0.93046875 0.01640625 0.0484375 0.028125
0 0.8015625 0.11640625 0.0609375 0.06875
0 0.078125 0.69140625 0.0546875 0.071875
0 0.30625 0.509375 0.05625 0.0671875
0 0.6765625 0.21171875 0.05625 0.075
0 0.2671875 0.74453125 0.0484375 0.0625
0 0.13359375 0.646875 0.05 0.0640625
0 0.1890625 0.60078125 0.0484375 0.0625
0 0.62421875 0.2609375 0.05 0.0640625
0 0.246875 0.559375 0.053125 0.0671875
0 0.3265625 0.69453125 0.0609375 0.075
0 0.02421875 0.7375 0.0484375 0.0734375
0 0.675 0.41953125 0.059375 0.071875
0 0.534375 0.540625 0.046875 0.0578125
0 0.6140625 0.4640625 0.0625 0.0765625
0 0.42890625 0.41171875 0.0546875 0.06875
0 0.49140625 0.3578125 0.0578125 0.0734375
0 0.8421875 0.278125 0.0484375 0.0609375
0 0.8640625 0.0625 0.0609375 0.0734375
0 0.19921875 0.81015625 0.046875 0.059375
0 0.78984375 0.3265625 0.0484375 0.059375
0 0.56171875 0.30078125 0.059375 0.071875
0 0.36875 0.45625 0.05625 0.0640625
0 0.9625 0.1828125 0.053125 0.0625
0 0.3890625 0.640625 0.053125 0.0640625
0 0.89921875 0.2265625 0.0640625 0.071875
0 0.7359375 0.159375 0.0546875 0.06875
0 0.82578125 0.15859375 0.0625 0.06875
0 0.46796875 0.5859375 0.059375 0.0625
0 0.73515625 0.365625 0.059375 0.06875
0 0.40703125 0.509375 0.05625 0.06875
0 0.81328125 0.23828125 0.059375 0.071875
0 0.175 0.68046875 0.0578125 0.0671875
0 0.1359375 0.87421875 0.0171875 0.0203125
0 0.234375 0.9078125 0.009375 0.0109375
