0 0.30625 0.0109375 0.0234375 0.01875
0 0.79765625 0.0109375 0.0484375 0.0203125
0 0.79296875 0.6453125 0.025 0.06875
0 0.3 0.084375 0.0234375 0.0890625
0 0.278125 0.38515625 0.0234375 0.1078125
0 0.9765625 0.63203125 0.046875 0.04375
0 0.9515625 0.7515625 0.065625 0.0484375
0 0.1203125 0.66015625 0.0546875 0.04375
0 0.1921875 0.5390625 0.025 0.10625
0 0.25 0.93125 0.0328125 0.1234375
0 0.79765625 0.05859375 0.0484375 0.05625
0 0.97578125 0.56875 0.0484375 0.0421875
0 0.16484375 0.94375 0.03125 0.1046875
0 0.2703125 0.54453125 0.03125 0.1296875
0 0.790625 0.3921875 0.0390625 0.084375
0 0.8734375 0.009375 0.021875 0.0171875
