0 0.54921875 0.95390625 0.0234375 0.0390625
0 0.2734375 0.0796875 0.0328125 0.0328125
0 0.26875 0.10390625 0.03125 0.03125
0 0.2625 0.13125 0.028125 0.0328125
0 0.45625 0.690625 0.034375 0.0390625
0 0.27578125 0.05390625 0.028125 0.03125
0 0.24765625 0.2140625 0.021875 0.0375
0 0.3609375 0.6453125 0.028125 0.028125
0 0.4578125 0.575 0.03125 0.0296875
0 0.45703125 0.6125 0.025 0.028125
0 0.45390625 0.6515625 0.03125 0.0296875
0 0.36171875 0.61328125 0.0359375 0.034375
0 0.2578125 0.15390625 0.028125 0.0328125
0 0.5109375 0.88203125 0.034375 0.05625
0 0.265625 0.3578125 0.0203125 0.0578125
0 0.28203125 0.0265625 0.028125 0.03125
0 0.378125 0.43203125 0.034375 0.0296875
0 0.3765625 0.4640625 0.0359375 0.0296875
0 0.36875 0.54140625 0.0359375 0.03125
0 0.234375 0.7859375 0.05 0.18125
0 0.453125 0.73359375 0.0390625 0.0359375
0 0.25234375 0.18046875 0.028125 0.0375
0 0.4609375 0.53828125 0.0375 0.028125
0 0.3640625 0.5765625 0.0359375 0.0328125
0 0.46484375 0.49296875 0.0375 0.0296875
0 0.46953125 0.4578125 0.0375 0.028125
0 0.3703125 0.50625 0.0375 0.03125
0 0.46015625 0.7734375 0.040625 0.0453125
0 0.49921875 0.84609375 0.034375 0.053125
0 0.478125 0.815625 0.0359375 0.0546875
0 0.421875 0.971875 0.0390625 0.0546875
0 0.52890625 0.915625 0.034375 0.0546875
0 0.2609375 0.38671875 0.0046875 0.0125
0 0.35859375 0.6953125 0.015625 0.03125
