0 0.93046875 0.9609375 0.009375 0.015625
0 0.98984375 0.9671875 0.0203125 0.065625
0 0.16484375 0.03125 0.05625 0.0515625
0 0.87421875 0.0140625 0.01875 0.025
0 0.9953125 0.8953125 0.009375 0.059375
0 0.896875 0.01328125 0.021875 0.025
0 0.98984375 0.5953125 0.0203125 0.0390625
0 0.29921875 0.1984375 0.03125 0.0375
0 0.30546875 0.1 0.03125 0.04375
0 0.95703125 0.58046875 0.040625 0.0421875
0 0.91015625 0.56328125 0.05 0.0390625
0 0.303125 0.14765625 0.0359375 0.05
0 0.73671875 0.50703125 0.040625 0.0390625
0 0.859375 0.5484375 0.040625 0.0421875
0 0.7796875 0.521875 0.0421875 0.0390625
0 0.96953125 0.9671875 0.03125 0.0625
0 0.80703125 0.64921875 0.0703125 0.0546875
0 0.871875 0.66640625 0.04375 0.0390625
0 0.01796875 0.3203125 0.0359375 0.040625
0 0.1640625 0.35625 0.040625 0.0390625
0 0.06640625 0.3359375 0.046875 0.0390625
0 0.12109375 0.34453125 0.0421875 0.0390625
0 0.93359375 0.871875 0.034375 0.071875
