0 0.06796875 0.509375 0.01875 0.01875
0 0.3796875 0.70703125 0.0109375 0.0203125
0 0.471875 0.109375 0.0125 0.028125
0 0.36796875 0.57578125 0.009375 0.0203125
0 0.47890625 0.5875 0.009375 0.0171875
0 0.384375 0.6828125 0.0140625 0.0203125
0 0.190625 0.59609375 0.0171875 0.0203125
0 0.67578125 0.32890625 0.0140625 0.0234375
0 0.54140625 0.678125 0.015625 0.0203125
0 0.4921875 0.67265625 0.009375 0.0203125
0 0.365625 0.69296875 0.0125 0.021875
0 0.41328125 0.76171875 0.009375 0.01875
0 0.7515625 0.353125 0.0171875 0.0203125
0 0.70859375 0.4734375 0.0171875 0.021875
0 0.196875 0.04296875 0.0390625 0.0828125
0 0.21015625 0.2046875 0.0375 0.134375
0 0.61796875 0.3875 0.03125 0.03125
0 0.2625 0.40234375 0.0203125 0.0171875
0 0.26171875 0.421875 0.01875 0.01875
0 0.26171875 0.4421875 0.0171875 0.01875
0 0.26484375 0.4734375 0.015625 0.0203125
0 0.3046875 0.40703125 0.0125 0.015625
0 0.3171875 0.37578125 0.0125 0.01875
0 0.30078125 0.42109375 0.0125 0.015625
0 0.3046875 0.43828125 0.0140625 0.0140625
0 0.4921875 0.909375 0.00625 0.0265625
0 0.7375 0.79296875 0.0234375 0.0359375
0 0.6609375 0.2421875 0.0109375 0.015625
0 0.4046875 0.56796875 0.0125 0.0125
0 0.45703125 0.5328125 0.0078125 0.0203125
0 0.48125 0.5625 0.0078125 0.0171875
0 0.4640625 0.5578125 0.00625 0.01875
0 0.01015625 0.01171875 0.01875 0.021875
0 0.4 0.10703125 0.0078125 0.0234375
0 0.403125 0.13046875 0.0109375 0.0171875
