0 0.31953125 0.60390625 0.00625 0.0109375
0 0.70859375 0.5734375 0.0109375 0.015625
0 0.35546875 0.58359375 0.00625 0.0109375
0 0.7234375 0.56015625 0.009375 0.0140625
0 0.34765625 0.946875 0.00625 0.0125
0 0.665625 0.60078125 0.00625 0.0109375
0 0.95625 0.09609375 0.009375 0.0109375
0 0.38046875 0.86484375 0.00625 0.0109375
0 0.6375 0.5703125 0.0125 0.0125
0 0.8046875 0.41875 0.0140625 0.015625
0 0.86640625 0.3796875 0.0140625 0.015625
0 0.58671875 0.58359375 0.0125 0.0140625
0 0.80859375 0.43828125 0.0125 0.0140625
0 0.99453125 0.2125 0.009375 0.04375
0 0.88046875 0.321875 0.0390625 0.05
0 0.93671875 0.20546875 0.0484375 0.0578125
0 0.51796875 0.96953125 0.0046875 0.0109375
0 0.51875 0.9796875 0.0078125 0.009375
0 0.509375 0.9765625 0.00625 0.0125
0 0.51015625 0.99375 0.0078125 0.009375
