0 0.06484375 0.83515625 0.0265625 0.034375
0 0.11328125 0.759375 0.0359375 0.0453125
0 0.25546875 0.75625 0.025 0.0390625
0 0.3359375 0.67890625 0.0171875 0.0453125
0 0.51328125 0.76953125 0.015625 0.0390625
0 0.5546875 0.7109375 0.015625 0.0296875
0 0.525 0.66875 0.0140625 0.03125
0 0.47578125 0.571875 0.01875 0.034375
0 0.46640625 0.5515625 0.015625 0.034375
0 0.453125 0.5453125 0.0125 0.0359375
0 0.48203125 0.4875 0.0171875 0.046875
0 0.47109375 0.46796875 0.0125 0.028125
0 0.53515625 0.45625 0.015625 0.034375
0 0.54453125 0.4984375 0.0125 0.0296875
0 0.559375 0.48828125 0.0171875 0.0375
0 0.57109375 0.5234375 0.015625 0.034375
0 0.5296875 0.41484375 0.015625 0.0515625
0 0.50078125 0.50390625 0.015625 0.034375
0 0.44296875 0.44140625 0.0125 0.0359375
0 0.4296875 0.41875 0.015625 0.034375
0 0.41875 0.440625 0.015625 0.046875
0 0.40390625 0.428125 0.015625 0.0375
0 0.4421875 0.50703125 0.0140625 0.0359375
0 0.58203125 0.5765625 0.0171875 0.0265625
0 0.5875 0.55546875 0.0203125 0.028125
