0 0.71875 0.41484375 0.021875 0.03125
0 0.67734375 0.4578125 0.021875 0.0265625
0 0.10078125 0.2484375 0.028125 0.0265625
0 0.6078125 0.50703125 0.0125 0.021875
0 0.68046875 0.77265625 0.0234375 0.028125
0 0.2796875 0.60859375 0.0171875 0.0203125
0 0.52421875 0.840625 0.0125 0.03125
0 0.88125 0.67578125 0.0234375 0.0296875
0 0.14765625 0.3390625 0.025 0.0265625
0 0.16875 0.35078125 0.0140625 0.0140625
0 0.12421875 0.3015625 0.028125 0.025
0 0.12578125 0.3078125 0.0125 0.0140625
0 0.146875 0.27109375 0.0296875 0.021875
0 0.15546875 0.28671875 0.0171875 0.0140625
0 0.8796875 0.7 0.0234375 0.01875
