0 0.6390625 0.6625 0.015625 0.025
0 0.74921875 0.80703125 0.01875 0.0234375
0 0.7234375 0.62578125 0.01875 0.0234375
0 0.7359375 0.90703125 0.0203125 0.028125
0 0.78828125 0.740625 0.0203125 0.0265625
0 0.66171875 0.815625 0.0171875 0.03125
0 0.6546875 0.50390625 0.0125 0.01875
0 0.61171875 0.7265625 0.015625 0.021875
0 0.83125 0.86015625 0.021875 0.03125
0 0.6921875 0.70625 0.01875 0.021875
0 0.03828125 0.259375 0.03125 0.03125
0 0.83828125 0.55703125 0.01875 0.0203125
0 0.86015625 0.58828125 0.0203125 0.0203125
0 0.8828125 0.609375 0.0203125 0.0328125
0 0.8453125 0.7140625 0.0203125 0.028125
0 0.8203125 0.66328125 0.021875 0.021875
0 0.8453125 0.684375 0.0234375 0.028125
0 0.8484375 0.653125 0.0203125 0.0203125
0 0.8609375 0.64375 0.0234375 0.025
0 0.865625 0.66015625 0.0234375 0.0203125
0 0.86953125 0.678125 0.025 0.0203125
0 0.8703125 0.71953125 0.025 0.0296875
0 0.8765625 0.7 0.0265625 0.028125
0 0.86328125 0.7015625 0.01875 0.01875
0 0.9484375 0.98125 0.0203125 0.034375
0 0.7984375 0.9875 0.025 0.025
