0 0.90546875 0.68515625 0.0140625 0.015625
0 0.92265625 0.30234375 0.015625 0.0234375
0 0.8953125 0.74921875 0.0140625 0.0203125
0 0.009375 0.81015625 0.0171875 0.0265625
0 0.671875 0.428125 0.0109375 0.015625
0 0.70234375 0.76640625 0.0109375 0.0203125
0 0.57734375 0.7 0.0140625 0.0265625
0 0.76328125 0.42109375 0.0125 0.01875
0 0.39296875 0.2578125 0.009375 0.01875
0 0.784375 0.3578125 0.0109375 0.0171875
0 0.82734375 0.55546875 0.0171875 0.01875
0 0.7078125 0.61953125 0.0125 0.01875
0 0.80625 0.703125 0.0125 0.021875
0 0.5953125 0.734375 0.0125 0.0296875
0 0.81796875 0.77421875 0.0171875 0.0203125
0 0.6765625 0.84375 0.015625 0.021875
0 0.84609375 0.48984375 0.0140625 0.01875
0 0.865625 0.51328125 0.015625 0.01875
0 0.73359375 0.0734375 0.0140625 0.028125
0 0.39609375 0.13671875 0.015625 0.021875
