0 0.13125 0.5890625 0.0171875 0.028125
0 0.31875 0.265625 0.009375 0.0265625
0 0.52578125 0.19921875 0.0109375 0.0234375
0 0.2875 0.53046875 0.0125 0.028125
0 0.50546875 0.0171875 0.009375 0.021875
0 0.1875 0.68359375 0.0125 0.025
0 0.4546875 0.196875 0.00625 0.028125
0 0.22734375 0.77890625 0.0125 0.0234375
0 0.175 0.696875 0.015625 0.028125
0 0.06640625 0.92109375 0.015625 0.0234375
0 0.0953125 0.68203125 0.015625 0.021875
0 0.0640625 0.85078125 0.028125 0.028125
0 0.12578125 0.9140625 0.01875 0.015625
0 0.08125 0.79453125 0.0171875 0.0265625
0 0.1328125 0.884375 0.0140625 0.021875
0 0.65078125 0.20546875 0.00625 0.0125
0 0.64140625 0.21875 0.0078125 0.0203125
0 0.6453125 0.21328125 0.0078125 0.01875
0 0.740625 0.1984375 0.009375 0.0203125
0 0.74453125 0.190625 0.0078125 0.0171875
0 0.56953125 0.19765625 0.0078125 0.0140625
0 0.44375 0.1890625 0.0109375 0.0140625
0 0.4453125 0.20703125 0.0078125 0.015625
0 0.459375 0.215625 0.00625 0.025
0 0.45 0.21953125 0.00625 0.0125
0 0.51796875 0.1953125 0.0109375 0.0296875
0 0.59140625 0.103125 0.009375 0.0203125
0 0.51875 0.025 0.015625 0.0265625
0 0.5234375 0.00625 0.0078125 0.0109375
0 0.4453125 0.0625 0.00625 0.0203125
0 0.484375 0.0953125 0.00625 0.0265625
0 0.39296875 0.05078125 0.0078125 0.0265625
0 0.39921875 0.0375 0.0125 0.0171875
0 0.603125 0.44453125 0.0078125 0.0171875
0 0.6078125 0.434375 0.0078125 0.0171875
0 0.61171875 0.428125 0.0078125 0.015625
0 0.56640625 0.31015625 0.0078125 0.0234375
0 0.55703125 0.315625 0.0109375 0.0234375
0 0.55625 0.3234375 0.009375 0.015625
0 0.353125 0.2546875 0.0140625 0.028125
0 0.32578125 0.25234375 0.009375 0.0171875
0 0.3203125 0.19296875 0.0125 0.021875
0 0.3265625 0.184375 0.009375 0.021875
0 0.33515625 0.1734375 0.009375 0.025
0 0.2328125 0.421875 0.0109375 0.0234375
0 0.215625 0.44140625 0.0078125 0.01875
0 0.23046875 0.45234375 0.009375 0.021875
0 0.22265625 0.46171875 0.015625 0.0265625
0 0.22421875 0.334375 0.0171875 0.028125
0 0.228125 0.31796875 0.0109375 0.015625
0 0.11875 0.69296875 0.021875 0.0265625
0 0.17578125 0.678125 0.0109375 0.01875
0 0.07890625 0.82578125 0.0125 0.028125
0 0.2421875 0.76796875 0.009375 0.0203125
0 0.27890625 0.990625 0.0140625 0.01875
0 0.284375 0.978125 0.0109375 0.0171875
0 0.140625 0.90234375 0.0109375 0.01875
0 0.246875 0.78671875 0.0125 0.015625
0 0.4546875 0.4875 0.0140625 0.0296875
0 0.4625 0.4703125 0.009375 0.0171875
0 0.440625 0.07265625 0.00625 0.021875
0 0.44609375 0.0828125 0.009375 0.0234375
0 0.475 0.103125 0.00625 0.01875
