0 0.0046875 0.7078125 0.009375 0.0453125
0 0.40859375 0.94921875 0.01875 0.0765625
0 0.36015625 0.65625 0.046875 0.0359375
0 0.2921875 0.93671875 0.0203125 0.0875
0 0.2984375 0.1578125 0.0203125 0.0828125
0 0.26171875 0.39375 0.01875 0.0765625
0 0.7296875 0.7421875 0.0515625 0.0390625
0 0.25078125 0.75078125 0.053125 0.0390625
0 0.38984375 0.134375 0.0203125 0.0828125
0 0.0234375 0.61796875 0.046875 0.0515625
0 0.35078125 0.91640625 0.021875 0.0796875
0 0.578125 0.67265625 0.2015625 0.065625
0 0.2421875 0.665625 0.0484375 0.0359375
0 0.48046875 0.39765625 0.0296875 0.0828125
0 0.52578125 0.759375 0.059375 0.04375
0 0.98359375 0.8953125 0.0328125 0.071875
0 0.16875 0.74921875 0.0515625 0.0359375
0 0.82890625 0.7203125 0.0515625 0.046875
0 0.12109375 0.65078125 0.05 0.0390625
0 0.08828125 0.7265625 0.05 0.0390625
0 0.34765625 0.7515625 0.05 0.0359375
0 0.4375 0.75390625 0.0546875 0.040625
0 0.9421875 0.6671875 0.0484375 0.053125
0 0.93671875 0.96640625 0.0453125 0.065625
0 0.634375 0.759375 0.0484375 0.0390625
0 0.54453125 0.2203125 0.0390625 0.071875
0 0.65390625 0.084375 0.05 0.065625
