0 0.4625 0.59296875 0.2375 0.0953125
0 0.26875 0.8671875 0.0125 0.01875
0 0.7390625 0.9484375 0.0140625 0.021875
0 0.98984375 0.484375 0.0203125 0.06875
0 0.846875 0.61328125 0.1671875 0.0953125
0 0.9546875 0.728125 0.090625 0.075
0 0.4578125 0.01875 0.034375 0.0328125
0 0.3921875 0.025 0.0359375 0.046875
0 0.16953125 0.60625 0.096875 0.0671875
0 0.3890625 0.74296875 0.0890625 0.0671875
0 0.33671875 0.053125 0.0375 0.1015625
0 0.7125 0.453125 0.078125 0.0578125
0 0.221875 0.48984375 0.0921875 0.0625
0 0.0328125 0.84140625 0.065625 0.1484375
0 0.5359375 0.46328125 0.0796875 0.059375
0 0.87109375 0.46171875 0.0828125 0.059375
0 0.090625 0.85625 0.075 0.1421875
0 0.071875 0.728125 0.0890625 0.0640625
0 0.1984375 0.84140625 0.0234375 0.0234375
0 0.2265625 0.83046875 0.0125 0.01875
0 0.21640625 0.83359375 0.0109375 0.0234375
0 0.2234375 0.80859375 0.009375 0.0171875
0 0.2296875 0.80703125 0.0109375 0.015625
0 0.2484375 0.78984375 0.0171875 0.034375
0 0.25625 0.803125 0.0140625 0.015625
0 0.26875 0.79453125 0.0140625 0.0203125
0 0.2421875 0.33828125 0.0125 0.0171875
0 0.22734375 0.34453125 0.0125 0.0125
0 0.29296875 0.97109375 0.0203125 0.025
0 0.83359375 0.91171875 0.0203125 0.0296875
0 0.840625 0.9078125 0.0171875 0.0234375
0 0.859375 0.90546875 0.0171875 0.0234375
