0 0.31171875 0.71328125 0.0078125 0.0234375
0 0.6359375 0.9 0.0125 0.0203125
0 0.64921875 0.87734375 0.0140625 0.0265625
0 0.6296875 0.93671875 0.0765625 0.0640625
0 0.6609375 0.03359375 0.0515625 0.0453125
0 0.5484375 0.97421875 0.0703125 0.05
0 0.97421875 0.553125 0.0515625 0.065625
0 0.7125 0.9109375 0.071875 0.08125
0 0.8953125 0.59609375 0.0703125 0.0671875
0 0.784375 0.6515625 0.0703125 0.075
0 0.54921875 0.76953125 0.071875 0.0765625
0 0.878125 0.82578125 0.078125 0.075
0 0.63046875 0.7359375 0.0640625 0.071875
0 0.78828125 0.86953125 0.075 0.0765625
0 0.703125 0.69296875 0.0734375 0.0703125
0 0.32265625 0.70546875 0.0125 0.015625
0 0.20546875 0.8921875 0.0234375 0.059375
