0 0.94140625 0.86015625 0.028125 0.040625
0 0.82578125 0.7296875 0.0203125 0.0265625
0 0.65234375 0.33828125 0.015625 0.0265625
0 0.78515625 0.603125 0.0171875 0.025
0 0.61171875 0.5796875 0.0140625 0.01875
0 0.7296875 0.5046875 0.0203125 0.0203125
0 0.7296875 0.77109375 0.0203125 0.0203125
0 0.6375 0.515625 0.01875 0.0203125
0 0.66484375 0.68515625 0.015625 0.028125
0 0.78828125 0.8609375 0.0203125 0.034375
0 0.69609375 0.575 0.015625 0.021875
0 0.74375 0.665625 0.0171875 0.025
0 0.04921875 0.07578125 0.03125 0.0453125
0 0.84140625 0.42734375 0.01875 0.025
0 0.8609375 0.45625 0.021875 0.025
0 0.8953125 0.465625 0.021875 0.0265625
0 0.84453125 0.58828125 0.0203125 0.021875
0 0.86796875 0.60390625 0.0203125 0.01875
0 0.87734375 0.575 0.015625 0.021875
0 0.86015625 0.5734375 0.01875 0.0203125
0 0.83984375 0.55546875 0.015625 0.021875
0 0.81796875 0.53046875 0.0234375 0.028125
0 0.84765625 0.52578125 0.0203125 0.0203125
0 0.8625 0.5171875 0.0265625 0.0203125
0 0.8703125 0.55078125 0.025 0.025
