0 0.22890625 0.81015625 0.0171875 0.028125
0 0.35546875 0.69921875 0.0125 0.021875
0 0.2484375 0.84921875 0.0171875 0.0328125
0 0.4453125 0.28671875 0.0890625 0.165625
0 0.409375 0.86640625 0.0890625 0.1640625
0 0.22265625 0.784375 0.0203125 0.0359375
0 0.1453125 0.965625 0.021875 0.0390625
0 0.1484375 0.9875 0.0203125 0.025
0 0.7390625 0.0984375 0.015625 0.0328125
0 0.71328125 0.17265625 0.01875 0.021875
0 0.69453125 0.171875 0.0125 0.0234375
0 0.67890625 0.26328125 0.01875 0.034375
0 0.7125 0.22734375 0.0125 0.01875
0 0.6984375 0.1953125 0.0078125 0.01875
