0 0.9859375 0.596875 0.028125 0.059375
0 0.43203125 0.41875 0.0328125 0.059375
0 0.5734375 0.42265625 0.0265625 0.053125
0 0.97578125 0.72265625 0.0375 0.0375
0 0.3390625 0.51796875 0.0515625 0.03125
0 0.9125 0.6859375 0.0171875 0.0578125
0 0.5015625 0.52421875 0.046875 0.0296875
0 0.50703125 0.43671875 0.025 0.053125
0 0.609375 0.91796875 0.0171875 0.075
0 0.9734375 0.29921875 0.0203125 0.046875
0 0.421875 0.59609375 0.0265625 0.0609375
0 0.3140625 0.709375 0.0484375 0.0390625
0 0.3640625 0.72265625 0.046875 0.0296875
0 0.61015625 0.8296875 0.015625 0.0671875
0 0.6125 0.71328125 0.015625 0.0640625
0 0.26953125 0.59375 0.0203125 0.071875
0 0.91484375 0.61875 0.03125 0.059375
0 0.06640625 0.41015625 0.025 0.06875
0 0.97734375 0.425 0.01875 0.0625
0 0.48046875 0.70859375 0.034375 0.028125
0 0.17421875 0.5109375 0.034375 0.0265625
0 0.346875 0.41875 0.03125 0.059375
0 0.14921875 0.409375 0.0296875 0.059375
0 0.19140625 0.9203125 0.04375 0.034375
0 0.0921875 0.41484375 0.0203125 0.0703125
0 0.67421875 0.42265625 0.028125 0.053125
0 0.5375 0.48984375 0.040625 0.0296875
0 0.48046875 0.59765625 0.028125 0.0640625
0 0.57734375 0.55390625 0.0359375 0.05
0 0.5984375 0.4265625 0.028125 0.059375
0 0.73828125 0.43125 0.03125 0.0609375
0 0.3953125 0.596875 0.0265625 0.0640625
0 0.36328125 0.58828125 0.03125 0.0671875
0 0.509375 0.58984375 0.025 0.0671875
0 0.178125 0.41640625 0.0328125 0.065625
0 0.05703125 0.50625 0.04375 0.028125
0 0.8265625 0.4296875 0.03125 0.059375
0 0.65078125 0.4265625 0.03125 0.059375
0 0.453125 0.58984375 0.0296875 0.0671875
0 0.8578125 0.43125 0.0296875 0.0609375
0 0.4625 0.4265625 0.0328125 0.0671875
0 0.52734375 0.425 0.0296875 0.0625
0 0.55234375 0.425 0.03125 0.0640625
0 0.6234375 0.42578125 0.03125 0.059375
0 0.628125 0.58984375 0.0359375 0.059375
0 0.04296875 0.4140625 0.028125 0.06875
0 0.121875 0.409375 0.0328125 0.065625
0 0.31953125 0.41640625 0.03125 0.0609375
0 0.709375 0.4328125 0.0296875 0.0609375
0 0.334375 0.5859375 0.0296875 0.06875
0 0.37578125 0.4171875 0.03125 0.0625
0 0.4046875 0.41875 0.0296875 0.0609375
0 0.20625 0.4140625 0.0359375 0.0640625
0 0.265625 0.41796875 0.0296875 0.0640625
0 0.290625 0.41796875 0.03125 0.0625
0 0.334375 0.36015625 0.00625 0.0109375
0 0.08671875 0.34296875 0.0109375 0.0109375
0 0.0375 0.33828125 0.0125 0.0125
