0 0.5375 0.55 0.0078125 0.0125
0 0.875 0.32890625 0.0109375 0.0171875
0 0.40625 0.1640625 0.00625 0.01875
0 0.67734375 0.41875 0.009375 0.015625
0 0.9796875 0.00859375 0.015625 0.0140625
0 0.4265625 0.18359375 0.00625 0.0171875
0 0.2390625 0.00546875 0.00625 0.0078125
0 0.5578125 0.778125 0.028125 0.05
0 0.559375 0.75 0.0109375 0.01875
0 0.69375 0.4234375 0.009375 0.015625
0 0.39765625 0.1328125 0.0078125 0.015625
0 0.478125 0.94765625 0.0125 0.0203125
0 0.42265625 0.3421875 0.009375 0.015625
0 0.9078125 0.09453125 0.0140625 0.0234375
0 0.5625 0.81484375 0.009375 0.0171875
0 0.7015625 0.3921875 0.0078125 0.01875
0 0.62109375 0.7234375 0.009375 0.01875
0 0.73125 0.37890625 0.034375 0.0640625
0 0.65 0.478125 0.009375 0.0125
0 0.9265625 0.0734375 0.0140625 0.021875
0 0.79375 0.33828125 0.0265625 0.0453125
0 0.85859375 0.20390625 0.0234375 0.0359375
0 0.84296875 0.18515625 0.01875 0.0328125
0 0.8234375 0.21015625 0.0203125 0.0296875
0 0.93984375 0.05546875 0.0171875 0.0265625
0 0.2890625 0.01171875 0.01875 0.0203125
0 0.2890625 0.04921875 0.01875 0.0296875
0 0.9640625 0.02578125 0.021875 0.0328125
0 0.3 0.1796875 0.0203125 0.04375
0 0.76015625 0.29609375 0.0203125 0.0328125
0 0.81796875 0.71015625 0.0328125 0.0484375
0 0.46953125 0.846875 0.090625 0.14375
0 0.4109375 0.265625 0.0234375 0.0375
0 0.759375 0.3390625 0.025 0.04375
0 0.75703125 0.3890625 0.0203125 0.0375
0 0.828125 0.78203125 0.040625 0.0578125
0 0.55078125 0.46875 0.0265625 0.04375
0 0.70234375 0.6453125 0.03125 0.046875
0 0.728125 0.43359375 0.0328125 0.0484375
0 0.53046875 0.76796875 0.03125 0.0484375
0 0.43828125 0.96640625 0.0359375 0.0515625
0 0.48828125 0.88828125 0.034375 0.0515625
0 0.5921875 0.77734375 0.0125 0.0265625
