0 0.5234375 0.61328125 0.01875 0.0828125
0 0.421875 0.84140625 0.0203125 0.0828125
0 0.4125 0.17890625 0.01875 0.0859375
0 0.4203125 0.66328125 0.01875 0.0703125
0 0.45703125 0.121875 0.025 0.140625
0 0.49453125 0.87421875 0.01875 0.0828125
0 0.42421875 0.98203125 0.021875 0.03125
0 0.5890625 0.13125 0.0203125 0.1
0 0.58359375 0.02734375 0.01875 0.053125
0 0.525 0.80390625 0.025 0.0984375
0 0.3890625 0.1515625 0.00625 0.0171875
0 0.39140625 0.8234375 0.00625 0.015625
0 0.3984375 0.821875 0.00625 0.015625
0 0.4046875 0.8140625 0.0046875 0.009375
0 0.39375 0.8640625 0.0078125 0.0140625
0 0.4015625 0.86875 0.0046875 0.0109375
0 0.40546875 0.8921875 0.0078125 0.015625
0 0.39453125 0.940625 0.00625 0.015625
0 0.4015625 0.94296875 0.00625 0.009375
0 0.39609375 0.984375 0.00625 0.0171875
0 0.4015625 0.98203125 0.0046875 0.01875
0 0.38671875 0.921875 0.003125 0.0109375
0 0.6625 0.878125 0.0078125 0.021875
