0 0.04453125 0.22734375 0.034375 0.03125
0 0.74609375 0.8109375 0.028125 0.0328125
0 0.70625 0.50390625 0.0234375 0.03125
0 0.61640625 0.51328125 0.015625 0.0265625
0 0.0421875 0.27421875 0.025 0.025
0 0.2484375 0.63203125 0.021875 0.0265625
0 0.02890625 0.30390625 0.0390625 0.034375
0 0.7734375 0.53828125 0.025 0.0390625
0 0.51875 0.909375 0.0125 0.03125
0 0.065625 0.3203125 0.0359375 0.0296875
0 0.0875 0.340625 0.0171875 0.0203125
0 0.87734375 0.725 0.03125 0.0359375
0 0.065625 0.3015625 0.0140625 0.015625
0 0.06796875 0.29375 0.0296875 0.028125
0 0.0234375 0.31171875 0.0109375 0.015625
0 0.875 0.746875 0.0234375 0.025
