0 0.00390625 0.759375 0.0078125 0.0265625
0 0.9453125 0.63828125 0.009375 0.0203125
0 0.521875 0.6265625 0.0125 0.0109375
0 0.50234375 0.60390625 0.0171875 0.0140625
0 0.384375 0.62578125 0.015625 0.0125
0 0.440625 0.5328125 0.0140625 0.0125
0 0.4484375 0.81328125 0.0078125 0.03125
0 0.46328125 0.20078125 0.0078125 0.03125
0 0.475 0.1515625 0.0078125 0.03125
0 0.05390625 0.80078125 0.0234375 0.0453125
0 0.60859375 0.91328125 0.025 0.0328125
0 0.50625 0.42109375 0.0078125 0.0328125
0 0.3203125 0.60234375 0.01875 0.0125
0 0.22421875 0.58828125 0.01875 0.0140625
0 0.63125 0.55390625 0.01875 0.015625
0 0.4796875 0.55625 0.0171875 0.0140625
0 0.490625 0.7921875 0.0078125 0.03125
0 0.915625 0.38671875 0.0109375 0.0328125
0 0.99140625 0.17578125 0.0171875 0.0203125
0 0.8203125 0.028125 0.0171875 0.021875
0 0.8640625 0.53515625 0.01875 0.01875
0 0.85546875 0.571875 0.01875 0.01875
0 0.12734375 0.503125 0.015625 0.015625
0 0.803125 0.0359375 0.01875 0.025
0 0.55625 0.9578125 0.015625 0.0296875
0 0.8828125 0.58203125 0.0171875 0.0203125
0 0.8765625 0.8546875 0.0125 0.0265625
0 0.7953125 0.0703125 0.0171875 0.025
0 0.7953125 0.53125 0.01875 0.0171875
0 0.84921875 0.81015625 0.01875 0.025
0 0.98984375 0.44609375 0.0203125 0.0265625
0 0.1 0.63125 0.0171875 0.01875
0 0.86015625 0.5109375 0.01875 0.0203125
0 0.225 0.184375 0.025 0.0203125
0 0.29375 0.54453125 0.01875 0.015625
0 0.39765625 0.5515625 0.01875 0.01875
0 0.94921875 0.1359375 0.0171875 0.021875
0 0.925 0.30625 0.0125 0.034375
0 0.8484375 0.09140625 0.0171875 0.0265625
0 0.91171875 0.24921875 0.0109375 0.0265625
0 0.23671875 0.6421875 0.0234375 0.0171875
0 0.8453125 0.15390625 0.0171875 0.03125
0 0.21875 0.6125 0.01875 0.015625
0 0.11328125 0.5609375 0.01875 0.0171875
0 0.128125 0.2203125 0.0640625 0.053125
0 0.50546875 0.7625 0.009375 0.0421875
0 0.0359375 0.696875 0.009375 0.034375
0 0.72421875 0.6078125 0.0203125 0.015625
0 0.74609375 0.0140625 0.0171875 0.021875
0 0.7421875 0.52421875 0.01875 0.015625
0 0.85703125 0.059375 0.0171875 0.0203125
0 0.88671875 0.0890625 0.0171875 0.0203125
0 0.97421875 0.1546875 0.0171875 0.0171875
0 0.92578125 0.11953125 0.01875 0.0234375
0 0.1 0.046875 0.0265625 0.0328125
0 0.77109375 0.346875 0.028125 0.05
0 0.88203125 0.15625 0.0171875 0.0296875
