0 0.01171875 0.209375 0.0234375 0.065625
0 0.028125 0.23203125 0.0421875 0.0609375
0 0.05234375 0.25234375 0.0375 0.053125
0 0.08671875 0.06171875 0.040625 0.059375
0 0.14140625 0.08671875 0.05 0.0765625
0 0.19765625 0.11953125 0.04375 0.078125
0 0.21640625 0.37890625 0.040625 0.0515625
0 0.3625 0.22421875 0.0453125 0.0875
0 0.28046875 0.44453125 0.04375 0.096875
0 0.31015625 0.46328125 0.053125 0.103125
0 0.3484375 0.478125 0.0421875 0.0828125
0 0.43203125 0.2734375 0.0421875 0.084375
0 0.59453125 0.190625 0.0390625 0.08125
0 0.71796875 0.15546875 0.0359375 0.0734375
0 0.68125 0.83828125 0.0515625 0.1296875
0 0.728125 0.87890625 0.0515625 0.121875
0 0.7703125 0.921875 0.0546875 0.1375
0 0.57265625 0.80703125 0.071875 0.103125
0 0.553125 0.89921875 0.0828125 0.1125
0 0.52109375 0.97421875 0.0765625 0.0515625
0 0.92578125 0.98515625 0.0421875 0.0296875
