0 0.82734375 0.9828125 0.04375 0.0328125
0 0.13515625 0.02109375 0.0609375 0.040625
0 0.14921875 0.05234375 0.05 0.0515625
0 0.18203125 0.321875 0.04375 0.0484375
0 0.153125 0.15625 0.0484375 0.05
0 0.15078125 0.0953125 0.046875 0.05
0 0.159375 0.19375 0.053125 0.053125
0 0.19765625 0.40390625 0.0546875 0.0609375
0 0.20546875 0.446875 0.0546875 0.059375
0 0.19140625 0.3625 0.05 0.053125
0 0.30390625 0.91640625 0.0640625 0.0796875
0 0.2125 0.49609375 0.0578125 0.0640625
0 0.25625 0.703125 0.0546875 0.0609375
0 0.2671875 0.7515625 0.0609375 0.0671875
0 0.31640625 0.96640625 0.065625 0.0671875
0 0.2328125 0.60234375 0.065625 0.0703125
0 0.24609375 0.6515625 0.0625 0.0671875
0 0.04375 0.13125 0.0171875 0.0265625
0 0.04140625 0.14921875 0.015625 0.025
0 0.91328125 0.9671875 0.0203125 0.01875
