0 0.76484375 0.115625 0.04375 0.06875
0 0.88984375 0.009375 0.0765625 0.0171875
0 0.00625 0.74609375 0.0125 0.1015625
0 0.77265625 0.01015625 0.046875 0.01875
0 0.96171875 0.090625 0.0515625 0.0390625
0 0.6359375 0.01015625 0.04375 0.01875
0 0.078125 0.4125 0.09375 0.340625
0 0.10234375 0.98046875 0.065625 0.0390625
0 0.31015625 0.10390625 0.184375 0.096875
0 0.1078125 0.91015625 0.0640625 0.046875
0 0.4515625 0.1359375 0.0578125 0.0453125
0 0.10234375 0.575 0.103125 0.3703125
0 0.009375 0.09140625 0.0171875 0.0296875
0 0.4734375 0.021875 0.0640625 0.040625
