0 0.3328125 0.5296875 0.0109375 0.0390625
0 0.42578125 0.1109375 0.0265625 0.0234375
0 0.66640625 0.29296875 0.0234375 0.01875
0 0.60234375 0.31796875 0.0203125 0.01875
0 0.6171875 0.18671875 0.021875 0.0203125
0 0.14140625 0.99140625 0.025 0.015625
0 0.153125 0.41796875 0.0203125 0.065625
0 0.5359375 0.021875 0.0109375 0.0375
0 0.05625 0.975 0.0296875 0.0234375
0 0.09453125 0.60703125 0.025 0.021875
0 0.071875 0.80625 0.028125 0.021875
0 0.35546875 0.0359375 0.0265625 0.0203125
0 0.35078125 0.06015625 0.025 0.01875
0 0.090625 0.634375 0.028125 0.025
0 0.9421875 0.009375 0.0265625 0.0171875
0 0.3953125 0.11484375 0.0109375 0.040625
0 0.42109375 0.13671875 0.025 0.021875
0 0.0859375 0.69140625 0.028125 0.0234375
0 0.6703125 0.27109375 0.0234375 0.021875
0 0.2421875 0.57109375 0.0125 0.0390625
0 0.078125 0.7203125 0.03125 0.025
0 0.553125 0.021875 0.0109375 0.040625
0 0.60703125 0.27109375 0.0234375 0.0203125
0 0.07421875 0.778125 0.028125 0.0203125
0 0.68046875 0.190625 0.0234375 0.021875
0 0.05703125 0.95078125 0.025 0.0203125
0 0.07734375 0.746875 0.0296875 0.0234375
0 0.6296875 0.0625 0.0234375 0.021875
0 0.490625 0.61640625 0.0125 0.0390625
0 0.54609375 0.1671875 0.0109375 0.040625
0 0.08828125 0.6625 0.028125 0.025
0 0.1390625 0.94296875 0.028125 0.021875
0 0.4265625 0.08046875 0.025 0.01875
0 0.059375 0.91875 0.028125 0.0203125
0 0.3515625 0.0859375 0.0265625 0.0203125
0 0.69453125 0.05078125 0.0234375 0.0203125
0 0.0609375 0.8890625 0.0265625 0.021875
0 0.659375 0.34453125 0.0234375 0.021875
0 0.35 0.11171875 0.025 0.021875
0 0.140625 0.9671875 0.0265625 0.0203125
0 0.06953125 0.83046875 0.0265625 0.021875
0 0.46171875 0.92421875 0.0125 0.0453125
0 0.434375 0.0578125 0.025 0.0203125
0 0.6734375 0.246875 0.0203125 0.01875
0 0.0640625 0.8578125 0.028125 0.0234375
0 0.61484375 0.4578125 0.0046875 0.009375
