0 0.7671875 0.63828125 0.0125 0.0109375
0 0.475 0.7140625 0.0046875 0.009375
0 0.815625 0.63359375 0.0125 0.0078125
0 0.47578125 0.69609375 0.00625 0.0078125
0 0.87265625 0.659375 0.0140625 0.0125
0 0.56640625 0.634375 0.0109375 0.009375
0 0.3625 0.815625 0.00625 0.009375
0 0.87265625 0.65 0.0140625 0.015625
0 0.80546875 0.43515625 0.009375 0.0078125
0 0.484375 0.70859375 0.00625 0.0078125
0 0.42265625 0.31875 0.0078125 0.0125
0 0.7984375 0.465625 0.009375 0.0125
0 0.40859375 0.79609375 0.0078125 0.0078125
0 0.82109375 0.6609375 0.0140625 0.009375
0 0.77734375 0.659375 0.0140625 0.009375
0 0.99140625 0.65234375 0.015625 0.0109375
0 0.54140625 0.428125 0.00625 0.009375
0 0.71796875 0.6421875 0.0140625 0.009375
0 0.69765625 0.49453125 0.0140625 0.0140625
0 0.45234375 0.62578125 0.0140625 0.0109375
0 0.05546875 0.60703125 0.046875 0.0328125
0 0.73984375 0.5921875 0.0421875 0.03125
