0 0.59765625 0.43828125 0.040625 0.0859375
0 0.64609375 0.3953125 0.0375 0.0671875
0 0.621875 0.415625 0.0359375 0.0703125
0 0.7515625 0.325 0.0375 0.065625
0 0.7109375 0.35390625 0.0375 0.0609375
0 0.52578125 0.49921875 0.034375 0.0765625
0 0.49765625 0.51796875 0.0375 0.0875
0 0.0671875 0.41953125 0.03125 0.0765625
0 0.80703125 0.259375 0.0125 0.0296875
0 0.0171875 0.465625 0.034375 0.0953125
0 0.80546875 0.2703125 0.009375 0.01875
0 0.52890625 0.0375 0.0359375 0.0453125
0 0.50078125 0.00625 0.0234375 0.0125
0 0.5078125 0.553125 0.0078125 0.0203125
