0 0.41484375 0.2203125 0.0109375 0.046875
0 0.434375 0.6734375 0.0140625 0.053125
0 0.4609375 0.40625 0.0140625 0.0515625
0 0.53828125 0.63671875 0.0125 0.053125
0 0.46640625 0.02109375 0.0140625 0.0421875
0 0.44140625 0.159375 0.0125 0.05625
0 0.5140625 0.41875 0.0140625 0.0578125
0 0.4328125 0.88984375 0.0140625 0.053125
0 0.5515625 0.840625 0.0125 0.053125
0 0.44453125 0.05 0.0125 0.053125
0 0.4125 0.503125 0.0140625 0.053125
0 0.45625 0.73203125 0.015625 0.0546875
0 0.5125 0.8671875 0.0125 0.059375
