0 0.009375 0.9625 0.0171875 0.0734375
0 0.6609375 0.9640625 0.0296875 0.0703125
0 0.82421875 0.0234375 0.034375 0.0453125
0 0.78359375 0.0234375 0.034375 0.04375
0 0.5390625 0.0203125 0.0296875 0.0390625
0 0.865625 0.034375 0.034375 0.0671875
0 0.7421875 0.02890625 0.034375 0.0546875
0 0.6640625 0.02578125 0.0328125 0.05
0 0.7109375 0.46171875 0.0359375 0.15
0 0.62109375 0.02890625 0.034375 0.05625
0 0.61875 0.1515625 0.0328125 0.14375
0 0.78515625 0.953125 0.03125 0.0921875
0 0.09140625 0.94296875 0.0359375 0.1125
0 0.746875 0.13515625 0.03125 0.1296875
0 0.321875 0.94765625 0.03125 0.096875
0 0.5828125 0.0265625 0.034375 0.0515625
0 0.4953125 0.62109375 0.0328125 0.134375
0 0.22734375 0.94921875 0.0328125 0.1015625
0 0.92421875 0.6390625 0.0359375 0.134375
0 0.53203125 0.946875 0.028125 0.1046875
0 0.74140625 0.6296875 0.03125 0.1171875
0 0.86796875 0.95234375 0.0375 0.09375
0 0.5765625 0.94609375 0.0328125 0.10625
0 0.36640625 0.94453125 0.0359375 0.1078125
0 0.8234375 0.95625 0.0296875 0.0859375
0 0.45546875 0.95078125 0.03125 0.096875
0 0.70390625 0.94296875 0.03125 0.1109375
0 0.90703125 0.03125 0.0359375 0.0609375
0 0.96875 0.94765625 0.0375 0.1
0 0.875 0.634375 0.034375 0.1375
0 0.671875 0.6328125 0.03125 0.134375
0 0.57890625 0.14296875 0.03125 0.1265625
0 0.6671875 0.4765625 0.0359375 0.1453125
0 0.16796875 0.9421875 0.040625 0.1140625
0 0.9109375 0.48125 0.034375 0.1375
0 0.87265625 0.478125 0.0359375 0.1359375
0 0.7015625 0.12734375 0.0296875 0.1265625
0 0.33828125 0.153125 0.03125 0.125
0 0.74765625 0.9421875 0.0328125 0.1109375
0 0.1015625 0.03828125 0.0328125 0.075
0 0.41328125 0.62421875 0.034375 0.1328125
0 0.83046875 0.49375 0.0359375 0.1390625
0 0.83671875 0.63515625 0.0328125 0.11875
0 0.62265625 0.93828125 0.0359375 0.1203125
0 0.46328125 0.465625 0.03125 0.134375
0 0.49453125 0.14609375 0.03125 0.1390625
0 0.78671875 0.48671875 0.034375 0.134375
0 0.97109375 0.63203125 0.0359375 0.1296875
0 0.6640625 0.1359375 0.028125 0.11875
0 0.62421875 0.4796875 0.03125 0.13125
0 0.05234375 0.03125 0.0375 0.0609375
0 0.828125 0.13828125 0.0375 0.1484375
0 0.9671875 0.15078125 0.0359375 0.1328125
0 0.7890625 0.628125 0.034375 0.125
0 0.37265625 0.4765625 0.034375 0.14375
0 0.2515625 0.48046875 0.0328125 0.1359375
0 0.33046875 0.6265625 0.0328125 0.128125
0 0.2890625 0.46640625 0.034375 0.1328125
0 0.7875 0.1328125 0.03125 0.134375
0 0.93125 0.7921875 0.071875 0.059375
0 0.09609375 0.33359375 0.0859375 0.0703125
0 0.28125 0.63359375 0.0328125 0.1296875
0 0.58359375 0.48515625 0.03125 0.14375
0 0.21015625 0.49453125 0.0390625 0.15625
0 0.09140625 0.61875 0.0359375 0.1203125
0 0.96328125 0.4765625 0.0390625 0.140625
0 0.5359375 0.47578125 0.03125 0.1359375
0 0.371875 0.62421875 0.034375 0.1296875
0 0.871875 0.15390625 0.0390625 0.1515625
0 0.21484375 0.64921875 0.0375 0.1375
0 0.41796875 0.4578125 0.0375 0.1359375
0 0.24765625 0.14921875 0.03125 0.1359375
0 0.74453125 0.4859375 0.03125 0.13125
0 0.534375 0.634375 0.03125 0.1375
0 0.91640625 0.159375 0.0375 0.140625
0 0.12734375 0.61875 0.034375 0.1203125
0 0.45625 0.621875 0.0359375 0.1375
0 0.5828125 0.64296875 0.034375 0.1453125
0 0.275 0.93984375 0.0359375 0.1171875
0 0.91171875 0.9453125 0.0421875 0.10625
0 0.628125 0.6265625 0.03125 0.1375
0 0.17109375 0.63359375 0.0375 0.1359375
0 0.625 0.371875 0.0109375 0.01875
0 0.4609375 0.13359375 0.009375 0.01875
