0 0.64375 0.053125 0.0078125 0.0125
0 0.66328125 0.04609375 0.00625 0.0125
0 0.596875 0.35546875 0.028125 0.03125
0 0.99296875 0.36328125 0.0140625 0.034375
0 0.8734375 0.00703125 0.0390625 0.0140625
0 0.33671875 0.35390625 0.028125 0.025
0 0.95 0.921875 0.0203125 0.0546875
0 0.2515625 0.3546875 0.040625 0.03125
0 0.9875 0.253125 0.025 0.03125
0 0.24921875 0.92421875 0.03125 0.071875
0 0.96640625 0.18359375 0.0671875 0.046875
0 0.9765625 0.3 0.046875 0.0359375
0 0.0234375 0.03515625 0.04375 0.0375
0 0.94609375 0.3609375 0.0421875 0.03125
0 0.0109375 0.1203125 0.021875 0.028125
0 0.046875 0.11953125 0.040625 0.03125
0 0.08984375 0.12421875 0.0375 0.028125
0 0.4078125 0.1796875 0.1109375 0.0515625
0 0.52890625 0.36171875 0.034375 0.028125
0 0.17421875 0.94140625 0.0359375 0.04375
0 0.015625 0.0796875 0.03125 0.0359375
0 0.6125 0.92265625 0.0359375 0.06875
0 0.59921875 0.30078125 0.040625 0.0296875
0 0.94453125 0.109375 0.0640625 0.0734375
0 0.471875 0.35859375 0.0359375 0.0265625
0 0.50625 0.09921875 0.0359375 0.075
0 0.1578125 0.09765625 0.0359375 0.028125
0 0.10078125 0.28828125 0.0375 0.0296875
0 0.85859375 0.3 0.040625 0.0296875
0 0.65078125 0.35859375 0.040625 0.0296875
0 0.2859375 0.92109375 0.0296875 0.0765625
0 0.6625 0.3015625 0.04375 0.0328125
0 0.5453125 0.24296875 0.0359375 0.028125
0 0.77578125 0.3625 0.0359375 0.028125
0 0.8640625 0.25078125 0.0421875 0.0296875
0 0.4109375 0.30078125 0.04375 0.03125
0 0.18125 0.178125 0.0359375 0.028125
0 0.546875 0.92578125 0.0328125 0.06875
0 0.71484375 0.353125 0.0453125 0.03125
0 0.075 0.2296875 0.0359375 0.0296875
0 0.82890625 0.3546875 0.0421875 0.0296875
0 0.353125 0.91953125 0.03125 0.075
0 0.09375 0.34921875 0.04375 0.0296875
0 0.9203125 0.2453125 0.0390625 0.03125
0 0.4390625 0.24765625 0.04375 0.034375
0 0.71484375 0.30390625 0.040625 0.03125
0 0.4109375 0.35390625 0.0359375 0.028125
0 0.44375 0.7828125 0.040625 0.0328125
0 0.10078125 0.178125 0.040625 0.03125
0 0.3828125 0.92109375 0.0328125 0.071875
0 0.78125 0.29765625 0.0390625 0.0296875
0 0.54375 0.29921875 0.0390625 0.0296875
0 0.2140625 0.91796875 0.0375 0.0703125
0 0.61328125 0.2453125 0.0375 0.028125
0 0.15859375 0.23515625 0.040625 0.0296875
0 0.47734375 0.3 0.04375 0.03125
0 0.609375 0.78515625 0.0390625 0.0296875
0 0.5234375 0.19609375 0.0421875 0.0296875
0 0.8828125 0.35546875 0.0421875 0.03125
0 0.5765625 0.0953125 0.0359375 0.0765625
0 0.3296875 0.10703125 0.03125 0.0671875
0 0.6734375 0.24296875 0.04375 0.03125
0 0.28046875 0.23671875 0.0421875 0.03125
0 0.4859375 0.92578125 0.028125 0.071875
0 0.64453125 0.9234375 0.03125 0.0609375
0 0.2609375 0.10859375 0.0359375 0.0734375
0 0.496875 0.25078125 0.040625 0.03125
0 0.3203125 0.9203125 0.0328125 0.065625
0 0.87890625 0.734375 0.046875 0.034375
0 0.73359375 0.240625 0.0421875 0.0328125
0 0.9203125 0.30625 0.0453125 0.03125
0 0.81484375 0.23828125 0.0421875 0.03125
0 0.41015625 0.9140625 0.034375 0.0640625
0 0.62890625 0.1 0.03125 0.0671875
0 0.628125 0.1921875 0.04375 0.0328125
0 0.459375 0.10625 0.0328125 0.08125
0 0.68515625 0.103125 0.0359375 0.0640625
0 0.02109375 0.14140625 0.0109375 0.0140625
0 0.015625 0.15703125 0.0109375 0.0140625
0 0.0515625 0.14921875 0.0109375 0.0109375
0 0.06015625 0.02265625 0.0109375 0.0140625
0 0.05546875 0.00390625 0.009375 0.0078125
0 0.21171875 0.03515625 0.0109375 0.0125
0 0.27265625 0.0640625 0.0078125 0.0140625
0 0.51796875 0.096875 0.00625 0.0125
0 0.60234375 0.02265625 0.00625 0.015625
0 0.60390625 0.03984375 0.009375 0.0125
0 0.7046875 0.028125 0.009375 0.015625
0 0.8546875 0.06875 0.0078125 0.0109375
0 0.75390625 0.46875 0.0078125 0.015625
0 0.74375 0.4734375 0.00625 0.009375
0 0.44921875 0.51796875 0.0046875 0.0125
0 0.4578125 0.528125 0.0078125 0.01875
0 0.61328125 0.98828125 0.009375 0.0140625
0 0.85625 0.978125 0.009375 0.0140625
0 0.8921875 0.98515625 0.0078125 0.0109375
0 0.89296875 0.99375 0.0109375 0.0125
