0 0.9890625 0.92890625 0.015625 0.0453125
0 0.65546875 0.17109375 0.0125 0.040625
0 0.32421875 0.70546875 0.0390625 0.0578125
0 0.9640625 0.9125 0.028125 0.0390625
0 0.39296875 0.97421875 0.015625 0.046875
0 0.8671875 0.86328125 0.0234375 0.0359375
0 0.4921875 0.82109375 0.0234375 0.0234375
0 0.91796875 0.803125 0.0296875 0.03125
0 0.03125 0.4734375 0.0265625 0.021875
0 0.95 0.8203125 0.0296875 0.0296875
0 0.22265625 0.37890625 0.021875 0.0265625
0 0.28203125 0.51796875 0.0140625 0.0484375
0 0.3671875 0.7984375 0.0296875 0.0359375
0 0.5921875 0.765625 0.0234375 0.0328125
0 0.34921875 0.20234375 0.021875 0.03125
0 0.55 0.74296875 0.0234375 0.03125
0 0.37734375 0.90859375 0.01875 0.046875
0 0.40390625 0.90859375 0.0171875 0.053125
0 0.6640625 0.8 0.00625 0.0109375
