0 0.0234375 0.51640625 0.0453125 0.03125
0 0.04140625 0.57578125 0.08125 0.028125
0 0.8328125 0.55703125 0.1421875 0.0359375
0 0.871875 0.6203125 0.1640625 0.0421875
0 0.58203125 0.59609375 0.1453125 0.0359375
0 0.378125 0.52890625 0.11875 0.03125
0 0.184375 0.5265625 0.1375 0.0328125
0 0.39375 0.5859375 0.14375 0.0375
0 0.59296875 0.47265625 0.14375 0.0359375
0 0.69296875 0.38515625 0.1296875 0.0484375
0 0.203125 0.58046875 0.1515625 0.034375
0 0.596875 0.53984375 0.1328125 0.0359375
0 0.22734375 0.23828125 0.1140625 0.05625
