0 0.3734375 0.41640625 0.015625 0.0265625
0 0.28125 0.040625 0.0140625 0.0203125
0 0.4578125 0.32421875 0.021875 0.021875
0 0.45625 0.38515625 0.028125 0.0234375
0 0.503125 0.56171875 0.03125 0.040625
0 0.3359375 0.83984375 0.021875 0.034375
0 0.459375 0.3515625 0.025 0.025
0 0.375 0.38203125 0.0203125 0.0234375
0 0.45625 0.29609375 0.0234375 0.0234375
0 0.3765625 0.35703125 0.03125 0.03125
0 0.4546875 0.45078125 0.0296875 0.03125
0 0.28046875 0.01484375 0.025 0.0296875
0 0.45625 0.415625 0.03125 0.03125
0 0.3828125 0.3 0.028125 0.0265625
0 0.490625 0.53671875 0.028125 0.04375
0 0.4578125 0.47890625 0.0359375 0.0375
0 0.390625 0.21328125 0.03125 0.0265625
0 0.29375 0.15390625 0.0203125 0.0453125
0 0.3890625 0.2375 0.03125 0.025
0 0.24765625 0.6265625 0.04375 0.1546875
0 0.384375 0.271875 0.03125 0.0296875
0 0.475 0.5125 0.0296875 0.0421875
0 0.4640625 0.2609375 0.034375 0.0234375
0 0.37734375 0.32890625 0.03125 0.0296875
0 0.4703125 0.2328125 0.0328125 0.0265625
0 0.515625 0.71953125 0.0359375 0.03125
0 0.5 0.7765625 0.0390625 0.028125
0 0.51640625 0.58828125 0.03125 0.04375
0 0.42578125 0.63203125 0.03125 0.04375
0 0.4265625 0.66796875 0.034375 0.046875
0 0.4265625 0.7125 0.034375 0.046875
0 0.2890625 0.17578125 0.0046875 0.0125
0 0.28671875 0.18203125 0.0046875 0.0125
0 0.290625 0.003125 0.009375 0.0046875
