0 0.43828125 0.9953125 0.0078125 0.009375
0 0.4078125 0.6625 0.0125 0.0421875
0 0.428125 0.46171875 0.0109375 0.0484375
0 0.428125 0.46171875 0.0109375 0.05
0 0.56953125 0.38671875 0.0140625 0.034375
0 0.4078125 0.6625 0.0125 0.0421875
0 0.45 0.934375 0.0078125 0.03125
0 0.4671875 0.12734375 0.0078125 0.03125
0 0.4375 0.09921875 0.0078125 0.028125
0 0.4578125 0.58046875 0.01875 0.0125
0 0.43984375 0.71015625 0.0078125 0.034375
0 0.909375 0.7734375 0.01875 0.021875
0 0.44921875 0.4875 0.0078125 0.03125
0 0.434375 0.340625 0.0078125 0.03125
0 0.31796875 0.11328125 0.0078125 0.034375
0 0.453125 0.77578125 0.0078125 0.0328125
0 0.4453125 0.30703125 0.0078125 0.03125
0 0.4703125 0.49609375 0.0078125 0.0296875
0 0.7921875 0.70078125 0.0171875 0.028125
0 0.53359375 0.1421875 0.0078125 0.0296875
0 0.5453125 0.27265625 0.0078125 0.0296875
0 0.815625 0.696875 0.01875 0.0234375
0 0.1375 0.86171875 0.0171875 0.0140625
0 0.5140625 0.58359375 0.0171875 0.015625
0 0.70234375 0.89140625 0.0125 0.034375
0 0.27734375 0.32890625 0.0125 0.0296875
0 0.86953125 0.90703125 0.0140625 0.03125
0 0.240625 0.425 0.0140625 0.03125
0 0.1984375 0.590625 0.025 0.0390625
0 0.046875 0.9609375 0.0125 0.0265625
0 0.4390625 0.8546875 0.009375 0.040625
0 0.3046875 0.2203125 0.009375 0.034375
0 0.2234375 0.84296875 0.0171875 0.0140625
0 0.890625 0.98125 0.0109375 0.0265625
0 0.3234375 0.56171875 0.0203125 0.01875
0 0.77109375 0.725 0.025 0.0390625
0 0.078125 0.89375 0.015625 0.021875
0 0.0734375 0.8125 0.025 0.053125
0 0.8875 0.75703125 0.025 0.03125
0 0.75546875 0.6625 0.0171875 0.0203125
0 0.028125 0.74375 0.015625 0.0203125
0 0.8609375 0.7375 0.015625 0.01875
0 0.1734375 0.54296875 0.015625 0.025
0 0.6984375 0.60703125 0.015625 0.021875
0 0.59140625 0.459375 0.0125 0.0265625
0 0.29921875 0.60078125 0.0171875 0.015625
0 0.82421875 0.809375 0.0171875 0.03125
0 0.73125 0.978125 0.0125 0.0328125
0 0.8421875 0.71796875 0.015625 0.01875
0 0.146875 0.65078125 0.0171875 0.0203125
0 0.62890625 0.534375 0.0171875 0.0265625
