0 0.54296875 0.3015625 0.0234375 0.0265625
0 0.07265625 0.98828125 0.071875 0.021875
0 0.8453125 0.52734375 0.1109375 0.0734375
0 0.98046875 0.68671875 0.0390625 0.04375
0 0.66484375 0.89453125 0.0578125 0.0453125
0 0.3765625 0.94375 0.059375 0.05
0 0.4875 0.76796875 0.0578125 0.046875
0 0.4921875 0.85390625 0.059375 0.0484375
0 0.80234375 0.715625 0.059375 0.04375
0 0.08984375 0.81953125 0.06875 0.05
0 0.315625 0.784375 0.0625 0.046875
0 0.2234375 0.8921875 0.0640625 0.05
0 0.81328125 0.8046875 0.0625 0.053125
0 0.58984375 0.6453125 0.0578125 0.04375
0 0.83515625 0.4421875 0.0609375 0.0453125
0 0.5 0.209375 0.021875 0.08125
