0 0.3046875 0.734375 0.040625 0.053125
0 0.1640625 0.90546875 0.0453125 0.0515625
0 0.7765625 0.4046875 0.03125 0.046875
0 0.640625 0.55859375 0.015625 0.0078125
0 0.59609375 0.61015625 0.0125 0.0109375
0 0.5765625 0.3921875 0.00625 0.009375
0 0.35390625 0.60390625 0.0078125 0.0109375
0 0.35234375 0.59453125 0.0078125 0.0078125
0 0.3515625 0.58515625 0.00625 0.0078125
0 0.3421875 0.5921875 0.0078125 0.009375
0 0.2859375 0.60546875 0.00625 0.0109375
0 0.20703125 0.584375 0.00625 0.0125
0 0.3921875 0.8375 0.00625 0.015625
0 0.5640625 0.68046875 0.00625 0.0078125
0 0.64765625 0.603125 0.00625 0.009375
0 0.74375 0.5546875 0.009375 0.015625
0 0.9734375 0.33203125 0.0078125 0.0203125
0 0.9625 0.36640625 0.015625 0.0234375
0 0.35625 0.79375 0.0125 0.0125
0 0.35625 0.8234375 0.009375 0.009375
