0 0.74453125 0.9765625 0.0671875 0.046875
0 0.62578125 0.63515625 0.021875 0.0421875
0 0.97265625 0.69921875 0.0546875 0.2140625
0 0.9625 0.2484375 0.075 0.2265625
0 0.54296875 0.05703125 0.090625 0.1125
0 0.86640625 0.0828125 0.1390625 0.1578125
0 0.4328125 0.95 0.084375 0.1
0 0.94140625 0.5703125 0.1171875 0.25625
0 0.6765625 0.91484375 0.1015625 0.1703125
0 0.08359375 0.128125 0.121875 0.2484375
0 0.76015625 0.278125 0.10625 0.2078125
0 0.33984375 0.45546875 0.1421875 0.271875
0 0.05390625 0.42421875 0.1078125 0.2515625
0 0.27734375 0.36328125 0.11875 0.234375
0 0.4640625 0.671875 0.109375 0.2125
0 0.190625 0.31328125 0.11875 0.253125
0 0.58984375 0.878125 0.1265625 0.234375
0 0.5265625 0.76015625 0.1203125 0.240625
0 0.86796875 0.50078125 0.1296875 0.2546875
0 0.93046875 0.1390625 0.125 0.2546875
0 0.178125 0.6125 0.1109375 0.2234375
0 0.3546875 0.875 0.13125 0.25
0 0.0953125 0.55546875 0.1328125 0.2703125
0 0.15234375 0.19140625 0.115625 0.2421875
0 0.7046875 0.16328125 0.140625 0.2703125
0 0.07890625 0.88515625 0.1578125 0.209375
0 0.809375 0.375 0.125 0.2453125
0 0.39375 0.57421875 0.1125 0.2328125
0 0.28984375 0.7875 0.1203125 0.23125
