0 0.23984375 0.57421875 0.05625 0.0359375
0 0.990625 0.39140625 0.0125 0.0140625
0 0.96875 0.6234375 0.009375 0.009375
0 0.9953125 0.3984375 0.0078125 0.0125
0 0.80234375 0.39453125 0.0125 0.0109375
0 0.2453125 0.84921875 0.0078125 0.0203125
0 0.61015625 0.66484375 0.0078125 0.0109375
0 0.525 0.61015625 0.0125 0.0109375
0 0.36953125 0.45546875 0.0140625 0.0078125
0 0.54765625 0.45859375 0.0140625 0.0109375
0 0.415625 0.6140625 0.0125 0.009375
0 0.14453125 0.684375 0.015625 0.0125
0 0.240625 0.57421875 0.05625 0.0359375
0 0.6921875 0.66171875 0.0125 0.0109375
0 0.69296875 0.675 0.009375 0.009375
