0 0.9953125 0.33671875 0.009375 0.046875
0 0.01875 0.809375 0.0359375 0.0515625
0 0.2578125 0.2328125 0.0765625 0.0578125
0 0.4171875 0.803125 0.0703125 0.0578125
0 0.68203125 0.24140625 0.075 0.0546875
0 0.36640625 0.425 0.0671875 0.0484375
0 0.8 0.32265625 0.0671875 0.0484375
0 0.6859375 0.1390625 0.075 0.05625
0 0.66015625 0.42421875 0.0734375 0.05625
0 0.959375 0.2265625 0.08125 0.0703125
0 0.6921875 0.79296875 0.0578125 0.0453125
0 0.85234375 0.79296875 0.0671875 0.05625
0 0.2984375 0.809375 0.0703125 0.0515625
0 0.01953125 0.33828125 0.0390625 0.0484375
0 0.49375 0.4265625 0.0640625 0.0453125
0 0.578125 0.79375 0.0578125 0.046875
0 0.93671875 0.7984375 0.065625 0.05
0 0.37265625 0.7109375 0.0703125 0.05625
0 0.69296875 0.7125 0.0734375 0.05625
0 0.5875 0.3328125 0.0703125 0.0515625
0 0.81796875 0.234375 0.0703125 0.05
0 0.20546875 0.42421875 0.0671875 0.05
0 0.44375 0.24140625 0.0640625 0.05
0 0.509375 0.140625 0.065625 0.0484375
0 0.165625 0.3265625 0.065625 0.046875
0 0.265625 0.13984375 0.06875 0.053125
0 0.94453125 0.41328125 0.0765625 0.053125
0 0.95546875 0.69296875 0.065625 0.05
0 0.88359375 0.1421875 0.0734375 0.053125
0 0.3921875 0.3265625 0.06875 0.0484375
0 0.91015625 0.3296875 0.0640625 0.046875
0 0.1546875 0.82265625 0.078125 0.0640625
