0 0.690625 0.228125 0.0296875 0.05625
0 0.7359375 0.47734375 0.0078125 0.0140625
0 0.65859375 0.26328125 0.0078125 0.0109375
0 0.7671875 0.503125 0.0078125 0.0125
0 0.73203125 0.465625 0.0109375 0.015625
0 0.38125 0.09609375 0.0140625 0.0234375
0 0.6453125 0.259375 0.0078125 0.0125
0 0.84765625 0.009375 0.0140625 0.015625
0 0.42890625 0.66875 0.0125 0.01875
0 0.70390625 0.41328125 0.00625 0.0140625
0 0.74609375 0.496875 0.009375 0.01875
0 0.6671875 0.24140625 0.0078125 0.0140625
0 0.66171875 0.3515625 0.0078125 0.0125
0 0.54140625 0.3515625 0.0203125 0.040625
0 0.68671875 0.425 0.0078125 0.0125
0 0.6171875 0.32890625 0.009375 0.0140625
0 0.98359375 0.971875 0.021875 0.046875
0 0.7265625 0.22109375 0.0296875 0.0421875
0 0.79140625 0.0765625 0.015625 0.025
0 0.14765625 0.9890625 0.0359375 0.021875
0 0.77421875 0.096875 0.015625 0.025
0 0.76171875 0.47890625 0.025 0.0359375
0 0.37109375 0.10390625 0.01875 0.0328125
0 0.71796875 0.1640625 0.01875 0.028125
0 0.31484375 0.07734375 0.015625 0.0328125
0 0.5390625 0.53671875 0.0265625 0.0390625
0 0.8203125 0.1046875 0.0203125 0.03125
0 0.7671875 0.16875 0.0203125 0.03125
0 0.60078125 0.35625 0.028125 0.0375
0 0.60625 0.396875 0.0265625 0.040625
0 0.51640625 0.52734375 0.028125 0.0390625
0 0.9796875 0.70625 0.040625 0.05
0 0.7078125 0.4890625 0.0296875 0.040625
0 0.4640625 0.58671875 0.0734375 0.1140625
0 0.5078125 0.30234375 0.0265625 0.0390625
0 0.2828125 0.8546875 0.0359375 0.05
0 0.5671875 0.53671875 0.0078125 0.0203125
0 0.6359375 0.3765625 0.0265625 0.034375
0 0.65390625 0.36796875 0.0125 0.0171875
