0 0.009375 0.5734375 0.0171875 0.028125
0 0.6859375 0.4515625 0.071875 0.034375
0 0.31875 0.59296875 0.0390625 0.028125
0 0.47109375 0.54765625 0.0359375 0.025
0 0.5609375 0.44765625 0.0359375 0.0265625
0 0.059375 0.58203125 0.0390625 0.0265625
0 0.27109375 0.53828125 0.040625 0.028125
0 0.12421875 0.578125 0.0375 0.025
0 0.6859375 0.50234375 0.0359375 0.0265625
0 0.81875 0.45546875 0.0375 0.0265625
0 0.209375 0.590625 0.040625 0.028125
0 0.5375 0.49609375 0.0359375 0.0265625
0 0.48671875 0.59609375 0.0359375 0.028125
0 0.15234375 0.52890625 0.04375 0.0296875
0 0.6328125 0.9875 0.0265625 0.025
0 0.69375 0.99140625 0.028125 0.0171875
0 0.73359375 0.9921875 0.0234375 0.0125
