0 0.3453125 0.67265625 0.178125 0.084375
0 0.13671875 0.91796875 0.1609375 0.0671875
0 0.6625 0.546875 0.025 0.028125
0 0.83828125 0.61015625 0.0203125 0.021875
0 0.72890625 0.6828125 0.0296875 0.0484375
0 0.60078125 0.6421875 0.0328125 0.0359375
0 0.51171875 0.6828125 0.0234375 0.025
0 0.534375 0.56953125 0.01875 0.021875
0 0.61953125 0.4921875 0.0265625 0.0359375
0 0.8640625 0.503125 0.015625 0.021875
0 0.86328125 0.53984375 0.0140625 0.025
0 0.496875 0.346875 0.03125 0.021875
0 0.67265625 0.7265625 0.0203125 0.0234375
0 0.878125 0.6796875 0.025 0.028125
0 0.8671875 0.71484375 0.021875 0.0390625
0 0.478125 0.37578125 0.021875 0.0296875
0 0.64921875 0.421875 0.0234375 0.03125
0 0.3046875 0.5640625 0.246875 0.10625
