0 0.09140625 0.534375 0.009375 0.0171875
0 0.1140625 0.34921875 0.0109375 0.015625
0 0.79609375 0.378125 0.0140625 0.01875
0 0.275 0.34140625 0.0140625 0.0171875
0 0.6078125 0.34453125 0.0109375 0.0234375
0 0.6765625 0.48984375 0.0125 0.028125
0 0.5140625 0.54453125 0.0109375 0.025
0 0.159375 0.2421875 0.009375 0.0203125
0 0.828125 0.5 0.015625 0.0265625
0 0.209375 0.69140625 0.0109375 0.01875
0 0.74140625 0.340625 0.015625 0.01875
0 0.9625 0.1640625 0.0171875 0.0234375
0 0.7484375 0.44921875 0.0140625 0.028125
0 0.00390625 0.63671875 0.0078125 0.025
0 0.05859375 0.44453125 0.0171875 0.01875
0 0.00703125 0.715625 0.0140625 0.0171875
0 0.77890625 0.4265625 0.0171875 0.0203125
0 0.0984375 0.55390625 0.015625 0.0203125
0 0.0078125 0.41640625 0.0140625 0.01875
0 0.0453125 0.4671875 0.0140625 0.025
0 0.05703125 0.4640625 0.009375 0.01875
0 0.10390625 0.515625 0.0171875 0.01875
0 0.1171875 0.5171875 0.0125 0.0171875
0 0.1140625 0.53203125 0.009375 0.015625
0 0.0921875 0.35 0.0109375 0.0171875
0 0.103125 0.3578125 0.00625 0.0125
0 0.1515625 0.24296875 0.009375 0.0171875
0 0.14375 0.24375 0.009375 0.015625
0 0.8859375 0.12734375 0.0109375 0.015625
0 0.87265625 0.1265625 0.009375 0.01875
0 0.865625 0.13671875 0.0109375 0.0171875
0 0.8875 0.21015625 0.015625 0.0140625
0 0.88125 0.234375 0.0109375 0.021875
0 0.8890625 0.22421875 0.0140625 0.01875
0 0.97734375 0.1609375 0.0125 0.021875
0 0.00703125 0.73984375 0.0140625 0.028125
0 0.196875 0.6875 0.015625 0.0296875
0 0.178125 0.6921875 0.0125 0.0265625
0 0.29140625 0.340625 0.009375 0.03125
0 0.5015625 0.54609375 0.0109375 0.0234375
0 0.4546875 0.4515625 0.009375 0.034375
0 0.6265625 0.43203125 0.009375 0.0234375
0 0.6171875 0.44453125 0.0109375 0.028125
0 0.6078125 0.434375 0.0078125 0.021875
0 0.6109375 0.40859375 0.0171875 0.0203125
0 0.728125 0.35625 0.0109375 0.01875
0 0.72578125 0.33671875 0.0109375 0.0234375
0 0.63984375 0.20234375 0.0109375 0.01875
0 0.63125 0.2046875 0.00625 0.021875
0 0.6109375 0.3234375 0.0109375 0.015625
0 0.59375 0.33984375 0.009375 0.021875
0 0.59609375 0.32578125 0.0109375 0.0140625
0 0.8125 0.375 0.015625 0.0171875
0 0.83203125 0.31328125 0.0125 0.021875
0 0.8203125 0.31640625 0.0109375 0.0171875
0 0.99375 0.07734375 0.0125 0.01875
0 0.6359375 0.546875 0.0125 0.0140625
0 0.6234375 0.5515625 0.009375 0.0203125
0 0.3859375 0.67265625 0.0125 0.0203125
