0 0.56953125 0.87890625 0.00625 0.0109375
0 0.57109375 0.86328125 0.00625 0.0109375
0 0.675 0.77109375 0.0046875 0.0109375
0 0.48125 0.72109375 0.00625 0.0109375
0 0.71484375 0.6421875 0.0140625 0.009375
0 0.71171875 0.621875 0.0125 0.009375
0 0.55390625 0.88359375 0.0046875 0.0109375
0 0.7546875 0.68046875 0.0078125 0.0109375
0 0.409375 0.8140625 0.00625 0.009375
0 0.81328125 0.63203125 0.0140625 0.0109375
0 0.39921875 0.703125 0.0125 0.0125
0 0.3 0.5703125 0.040625 0.028125
0 0.16484375 0.63125 0.06875 0.034375
0 0.1421875 0.55625 0.040625 0.03125
0 0.67265625 0.575 0.04375 0.034375
