0 0.25 0.66640625 0.0859375 0.11875
0 0.12109375 0.51171875 0.0484375 0.140625
0 0.36171875 0.790625 0.078125 0.140625
0 0.16875 0.4828125 0.0453125 0.128125
0 0.065625 0.54921875 0.04375 0.1359375
0 0.22109375 0.48671875 0.0609375 0.1171875
0 0.259375 0.90546875 0.05625 0.134375
0 0.94453125 0.94609375 0.0609375 0.10625
0 0.01796875 0.571875 0.0359375 0.1484375
0 0.14296875 0.95703125 0.053125 0.084375
0 0.8953125 0.95546875 0.0484375 0.0859375
0 0.98046875 0.9203125 0.0390625 0.1484375
0 0.31171875 0.83828125 0.0703125 0.134375
0 0.4484375 0.76328125 0.0125 0.0328125
0 0.08203125 0.98046875 0.0484375 0.034375
0 0.2 0.928125 0.05625 0.134375
0 0.37109375 0.196875 0.0125 0.0453125
