0 0.6609375 0.5390625 0.009375 0.034375
0 0.66796875 0.7171875 0.009375 0.0359375
0 0.39296875 0.459375 0.0265625 0.0984375
0 0.3234375 0.49453125 0.025 0.0921875
0 0.6 0.940625 0.0234375 0.1171875
0 0.3859375 0.69375 0.0234375 0.0796875
0 0.6328125 0.575 0.0203125 0.0921875
0 0.59296875 0.0640625 0.0203125 0.0890625
0 0.628125 0.24921875 0.0203125 0.078125
0 0.3015625 0.89765625 0.025 0.0859375
0 0.40703125 0.11796875 0.0203125 0.06875
0 0.36328125 0.41953125 0.021875 0.075
0 0.34375 0.16640625 0.0234375 0.075
0 0.34296875 0.759375 0.0265625 0.1015625
0 0.27890625 0.96796875 0.0125 0.04375
