0 0.11484375 0.86953125 0.0625 0.0859375
0 0.75390625 0.159375 0.0640625 0.0875
0 0.546875 0.33984375 0.06875 0.090625
0 0.0390625 0.8765625 0.0625 0.0828125
0 0.11015625 0.96484375 0.025 0.03125
0 0.91328125 0.16640625 0.025 0.0328125
0 0.1234375 0.70390625 0.0265625 0.0296875
0 0.27578125 0.63671875 0.021875 0.0265625
0 0.390625 0.459375 0.021875 0.028125
0 0.728125 0.12265625 0.0234375 0.0328125
0 0.240625 0.58671875 0.0234375 0.0296875
0 0.32421875 0.48984375 0.0203125 0.028125
0 0.44296875 0.36796875 0.021875 0.028125
0 0.28984375 0.5765625 0.0203125 0.028125
0 0.334375 0.71875 0.021875 0.0296875
0 0.06328125 0.78359375 0.028125 0.03125
0 0.44765625 0.42265625 0.021875 0.0265625
0 0.77734375 0.31796875 0.021875 0.028125
0 0.21640625 0.6640625 0.01875 0.025
0 0.0765625 0.96796875 0.0203125 0.0296875
0 0.446875 0.63984375 0.0234375 0.03125
0 0.61640625 0.471875 0.0203125 0.0296875
0 0.5015625 0.61875 0.021875 0.028125
0 0.34765625 0.75859375 0.025 0.0359375
0 0.00546875 0.85703125 0.009375 0.0296875
0 0.63046875 0.628125 0.0125 0.01875
