0 0.00546875 0.6796875 0.0109375 0.046875
0 0.44453125 0.259375 0.0171875 0.0546875
0 0.98984375 0.05234375 0.0203125 0.046875
0 0.98828125 0.3265625 0.021875 0.046875
0 0.028125 0.92890625 0.0484375 0.0546875
0 0.5015625 0.42109375 0.0375 0.04375
0 0.6234375 0.43203125 0.04375 0.0484375
0 0.11015625 0.8171875 0.0453125 0.05
0 0.3796875 0.43359375 0.04375 0.0484375
0 0.790625 0.38671875 0.0421875 0.05
0 0.8984375 0.26171875 0.040625 0.046875
0 0.240625 0.590625 0.0421875 0.046875
0 0.77734375 0.4609375 0.04375 0.05
0 0.26171875 0.7203125 0.0453125 0.0484375
0 0.62109375 0.5265625 0.0421875 0.046875
0 0.7765625 0.19375 0.0421875 0.0484375
