0 0.71796875 0.36484375 0.0546875 0.290625
0 0.73515625 0.84296875 0.065625 0.3078125
0 0.61875 0.95546875 0.034375 0.08125
0 0.6171875 0.01953125 0.025 0.0359375
0 0.6578125 0.0125 0.0265625 0.0203125
0 0.409375 0.46015625 0.034375 0.1171875
0 0.5765625 0.04296875 0.0234375 0.0828125
0 0.30234375 0.16953125 0.0328125 0.0953125
0 0.3375 0.2390625 0.0390625 0.1109375
0 0.3453125 0.70859375 0.0375 0.13125
0 0.275 0.87578125 0.046875 0.153125
0 0.39453125 0.18125 0.028125 0.0890625
0 0.6203125 0.7125 0.03125 0.140625
0 0.6203125 0.4796875 0.028125 0.11875
0 0.659375 0.29296875 0.028125 0.1125
0 0.6171875 0.309375 0.0265625 0.1015625
0 0.70625 0.09765625 0.0265625 0.0875
0 0.66796875 0.54296875 0.0296875 0.11875
0 0.61328125 0.1546875 0.0265625 0.1078125
0 0.67421875 0.846875 0.0328125 0.1375
