0 0.30703125 0.871875 0.0125 0.021875
0 0.790625 0.24453125 0.0046875 0.0203125
0 0.21796875 0.8375 0.00625 0.0203125
0 0.4921875 0.53671875 0.009375 0.0171875
0 0.65390625 0.95234375 0.00625 0.015625
0 0.2859375 0.83359375 0.009375 0.0171875
0 0.2875 0.21171875 0.0078125 0.021875
0 0.39140625 0.89453125 0.0046875 0.0140625
0 0.3015625 0.84375 0.0140625 0.015625
0 0.6328125 0.95234375 0.0078125 0.0140625
0 0.584375 0.52265625 0.0078125 0.01875
0 0.41875 0.44140625 0.0078125 0.01875
0 0.36875 0.8140625 0.0078125 0.01875
0 0.3875 0.83671875 0.0046875 0.0140625
0 0.33125 0.203125 0.00625 0.0203125
0 0.4984375 0.4515625 0.00625 0.021875
0 0.85 0.42734375 0.009375 0.0234375
0 0.0453125 0.03203125 0.0078125 0.015625
0 0.0484375 0.01953125 0.00625 0.0109375
0 0.0421875 0.02109375 0.0078125 0.0109375
0 0.15703125 0.8984375 0.00625 0.015625
0 0.16640625 0.9 0.00625 0.0171875
0 0.55 0.209375 0.0046875 0.0171875
0 0.553125 0.15625 0.003125 0.01875
0 0.55 0.15625 0.0046875 0.01875
0 0.546875 0.15703125 0.0046875 0.021875
0 0.54296875 0.1546875 0.0046875 0.021875
0 0.584375 0.471875 0.0046875 0.0203125
0 0.590625 0.4953125 0.0078125 0.0234375
0 0.64375 0.378125 0.0078125 0.01875
0 0.6515625 0.37109375 0.00625 0.01875
0 0.6625 0.38125 0.0078125 0.01875
0 0.65 0.38515625 0.0046875 0.015625
