0 0.2828125 0.11953125 0.0140625 0.025
0 0.26640625 0.15390625 0.0109375 0.0171875
0 0.27734375 0.18046875 0.009375 0.0171875
0 0.29140625 0.18671875 0.0109375 0.0171875
0 0.309375 0.18125 0.0140625 0.025
0 0.29296875 0.16328125 0.0125 0.0234375
0 0.296875 0.14296875 0.009375 0.021875
0 0.328125 0.19296875 0.0125 0.0203125
0 0.32578125 0.2109375 0.0078125 0.0203125
0 0.309375 0.209375 0.0125 0.021875
0 0.328125 0.23515625 0.009375 0.0203125
0 0.346875 0.21796875 0.0078125 0.0203125
0 0.3359375 0.2734375 0.0125 0.021875
0 0.3453125 0.25546875 0.0078125 0.015625
0 0.3546875 0.246875 0.0109375 0.021875
0 0.36484375 0.2515625 0.0078125 0.0203125
0 0.34453125 0.30078125 0.009375 0.021875
0 0.34765625 0.28046875 0.0109375 0.0203125
0 0.36328125 0.2765625 0.0109375 0.0203125
0 0.384375 0.33046875 0.0125 0.015625
0 0.378125 0.2953125 0.0140625 0.0203125
0 0.3625 0.29921875 0.015625 0.01875
0 0.3828125 0.35546875 0.009375 0.01875
0 0.43515625 0.41015625 0.0109375 0.0171875
0 0.43359375 0.446875 0.0109375 0.0171875
0 0.67890625 0.6265625 0.0078125 0.01875
0 0.71015625 0.61640625 0.015625 0.0203125
0 0.76640625 0.60859375 0.01875 0.015625
0 0.7484375 0.61875 0.021875 0.015625
0 0.80546875 0.63828125 0.021875 0.0171875
0 0.9109375 0.64140625 0.0203125 0.0109375
0 0.909375 0.61484375 0.021875 0.0171875
0 0.896875 0.63046875 0.0140625 0.0125
0 0.96796875 0.6109375 0.025 0.01875
0 0.99140625 0.615625 0.0171875 0.015625
0 0.84453125 0.63671875 0.015625 0.0140625
