0 0.621875 0.84140625 0.0125 0.021875
0 0.99375 0.39296875 0.0125 0.0796875
0 0.6390625 0.821875 0.0109375 0.025
0 0.328125 0.67109375 0.0109375 0.01875
0 0.334375 0.63203125 0.009375 0.0203125
0 0.51796875 0.959375 0.0578125 0.078125
0 0.63671875 0.015625 0.05 0.0296875
0 0.5921875 0.9 0.0671875 0.0703125
0 0.88203125 0.696875 0.06875 0.075
0 0.7875 0.5578125 0.065625 0.078125
0 0.959375 0.4375 0.0609375 0.06875
0 0.7375 0.80546875 0.065625 0.0796875
0 0.884375 0.48828125 0.065625 0.071875
0 0.65234375 0.66015625 0.059375 0.071875
0 0.715625 0.60703125 0.0671875 0.071875
0 0.80390625 0.75546875 0.0671875 0.0796875
0 0.578125 0.7046875 0.0671875 0.0796875
0 0.25859375 0.88203125 0.01875 0.0546875
