0 0.721875 0.1875 0.0359375 0.134375
0 0.6671875 0.165625 0.0390625 0.146875
0 0.78359375 0.42734375 0.0625 0.4625
0 0.609375 0.34140625 0.0359375 0.146875
0 0.6734375 0.465625 0.040625 0.1515625
0 0.7234375 0.671875 0.0421875 0.15625
0 0.6703125 0.8484375 0.0375 0.1453125
0 0.734375 0.92421875 0.040625 0.140625
0 0.6109375 0.9296875 0.040625 0.140625
0 0.43046875 0.71875 0.0421875 0.1703125
0 0.3796875 0.671875 0.0375 0.14375
0 0.31875 0.53203125 0.05625 0.3265625
0 0.265625 0.61015625 0.0375 0.14375
0 0.02265625 0.65234375 0.0453125 0.0421875
0 0.02734375 0.584375 0.0453125 0.053125
0 0.0265625 0.31796875 0.053125 0.065625
0 0.02890625 0.2484375 0.0484375 0.0515625
0 0.03046875 0.17109375 0.04375 0.0484375
0 0.02734375 0.1109375 0.0515625 0.0515625
0 0.259375 0.01796875 0.0484375 0.0359375
0 0.35703125 0.078125 0.040625 0.146875
0 0.4390625 0.0484375 0.0359375 0.096875
0 0.95390625 0.74296875 0.0375 0.1140625
0 0.8890625 0.93046875 0.0203125 0.0515625
0 0.8890625 0.7578125 0.015625 0.0484375
0 0.8890625 0.7 0.0140625 0.04375
0 0.89140625 0.48828125 0.0140625 0.046875
0 0.890625 0.42578125 0.0109375 0.046875
0 0.88828125 0.59765625 0.0109375 0.0390625
