0 0.06640625 0.4515625 0.03125 0.10625
0 0.05234375 0.7625 0.0328125 0.1203125
0 0.0734375 0.21484375 0.0296875 0.10625
0 0.04375 0.9453125 0.0390625 0.10625
0 0.15859375 0.86171875 0.0296875 0.121875
0 0.06015625 0.59921875 0.0328125 0.1234375
0 0.071875 0.32578125 0.03125 0.1
0 0.2359375 0.0515625 0.0640625 0.046875
0 0.29765625 0.0484375 0.0546875 0.04375
0 0.159375 0.55703125 0.0296875 0.11875
0 0.1578125 0.36953125 0.0515625 0.1796875
0 0.159375 0.98203125 0.028125 0.03125
0 0.02421875 0.10703125 0.0484375 0.0703125
0 0.596875 0.009375 0.059375 0.0171875
0 0.678125 0.0046875 0.075 0.0078125
