0 0.47421875 0.6765625 0.046875 0.16875
0 0.40390625 0.7234375 0.053125 0.1796875
0 0.53125 0.6875 0.0515625 0.159375
0 0.97734375 0.59140625 0.0453125 0.1921875
0 0.2015625 0.9109375 0.05625 0.175
0 0.78125 0.59140625 0.0484375 0.19375
0 0.90625 0.58671875 0.05 0.1859375
0 0.909375 0.84453125 0.05 0.16875
0 0.84765625 0.60703125 0.046875 0.171875
0 0.875 0.24765625 0.0265625 0.034375
0 0.978125 0.88203125 0.0421875 0.215625
0 0.5453125 0.32421875 0.015625 0.025
0 0.0109375 0.6015625 0.0203125 0.0203125
0 0.1375 0.4921875 0.025 0.0296875
0 0.27578125 0.24140625 0.0171875 0.0234375
0 0.2859375 0.39296875 0.0140625 0.0265625
0 0.4109375 0.34765625 0.0234375 0.0234375
0 0.94453125 0.28203125 0.0328125 0.028125
