0 0.14140625 0.603125 0.1 0.125
0 0.3109375 0.4984375 0.015625 0.075
0 0.359375 0.5734375 0.0171875 0.065625
0 0.45703125 0.20390625 0.0140625 0.05
0 0.56484375 0.184375 0.0125 0.05
0 0.59765625 0.09296875 0.015625 0.0578125
0 0.62578125 0.07890625 0.015625 0.065625
0 0.7234375 0.1140625 0.015625 0.065625
0 0.771875 0.09453125 0.01875 0.0640625
0 0.58359375 0.36640625 0.025 0.03125
0 0.61015625 0.496875 0.225 0.2875
0 0.84296875 0.7859375 0.096875 0.1203125
0 0.384375 0.07890625 0.1171875 0.1265625
0 0.63359375 0.04453125 0.096875 0.0890625
