0 0.184375 0.08125 0.0078125 0.015625
0 0.321875 0.8015625 0.0078125 0.0140625
0 0.39140625 0.95078125 0.0125 0.0203125
0 0.37734375 0.95390625 0.0140625 0.0234375
0 0.659375 0.17265625 0.0078125 0.0203125
0 0.33828125 0.875 0.0078125 0.01875
0 0.2734375 0.696875 0.0109375 0.01875
0 0.3734375 0.925 0.009375 0.021875
0 0.46875 0.9390625 0.00625 0.009375
0 0.5421875 0.91953125 0.009375 0.01875
0 0.5328125 0.91953125 0.0078125 0.01875
0 0.4765625 0.98515625 0.009375 0.01875
0 0.284375 0.7078125 0.0078125 0.0140625
0 0.28125 0.7171875 0.009375 0.009375
0 0.28046875 0.728125 0.0078125 0.0125
0 0.2890625 0.73359375 0.009375 0.015625
0 0.27890625 0.7421875 0.0078125 0.0171875
0 0.11171875 0.41484375 0.0078125 0.0140625
0 0.24296875 0.421875 0.0078125 0.0203125
0 0.21875 0.47890625 0.0078125 0.01875
0 0.34765625 0.4203125 0.0078125 0.01875
0 0.275 0.371875 0.009375 0.015625
0 0.5640625 0.1 0.0078125 0.0234375
0 0.578125 0.17421875 0.0078125 0.015625
0 0.58359375 0.18671875 0.009375 0.01875
0 0.5875 0.196875 0.0078125 0.015625
0 0.60703125 0.2015625 0.00625 0.015625
0 0.6171875 0.196875 0.0078125 0.01875
0 0.6203125 0.1890625 0.0078125 0.0125
0 0.584375 0.21875 0.0078125 0.0234375
0 0.5484375 0.29921875 0.0109375 0.021875
0 0.525 0.26640625 0.009375 0.0203125
0 0.6109375 0.0765625 0.0078125 0.01875
0 0.9421875 0.2265625 0.0109375 0.0140625
0 0.9953125 0.25703125 0.009375 0.015625
0 0.9796875 0.190625 0.0109375 0.0203125
0 0.69921875 0.04296875 0.009375 0.021875
0 0.9046875 0.95234375 0.015625 0.0203125
