0 0.1375 0.05546875 0.0171875 0.0296875
0 0.1390625 0.028125 0.0265625 0.0390625
0 0.1203125 0.028125 0.0125 0.0265625
0 0.25625 0.2375 0.0203125 0.025
0 0.275 0.23984375 0.015625 0.021875
0 0.28359375 0.23046875 0.0171875 0.0296875
0 0.284375 0.265625 0.0171875 0.0234375
0 0.27109375 0.26875 0.009375 0.01875
0 0.30703125 0.284375 0.015625 0.0234375
0 0.32890625 0.30625 0.0203125 0.025
0 0.3265625 0.3265625 0.0203125 0.021875
0 0.3421875 0.33046875 0.0140625 0.015625
0 0.35859375 0.34375 0.0125 0.021875
0 0.35546875 0.3671875 0.0140625 0.021875
0 0.36953125 0.3640625 0.009375 0.028125
0 0.38046875 0.353125 0.0125 0.025
0 0.3828125 0.375 0.0125 0.021875
0 0.37578125 0.3921875 0.015625 0.025
0 0.3984375 0.38359375 0.015625 0.0265625
0 0.40625 0.40390625 0.015625 0.0203125
0 0.43125 0.41640625 0.0140625 0.0234375
0 0.421875 0.434375 0.0140625 0.0203125
0 0.45078125 0.46171875 0.0140625 0.0171875
0 0.44921875 0.4484375 0.0109375 0.0140625
0 0.45859375 0.43984375 0.009375 0.0140625
0 0.46640625 0.45390625 0.009375 0.0203125
0 0.478125 0.46171875 0.009375 0.0203125
0 0.478125 0.49140625 0.0140625 0.0203125
0 0.496875 0.5046875 0.0109375 0.034375
0 0.50859375 0.47734375 0.009375 0.015625
0 0.52265625 0.484375 0.009375 0.01875
0 0.51640625 0.5 0.015625 0.0171875
0 0.54140625 0.48828125 0.015625 0.0296875
0 0.53515625 0.5015625 0.0078125 0.0140625
0 0.5390625 0.521875 0.009375 0.0203125
0 0.55703125 0.53125 0.0109375 0.0265625
0 0.56171875 0.5078125 0.015625 0.01875
0 0.5796875 0.51796875 0.0109375 0.025
0 0.59453125 0.521875 0.0125 0.0203125
0 0.61484375 0.52890625 0.0125 0.025
0 0.6421875 0.54453125 0.015625 0.0203125
0 0.67734375 0.54140625 0.015625 0.028125
0 0.72578125 0.56171875 0.0203125 0.01875
0 0.7296875 0.54609375 0.0203125 0.01875
0 0.95078125 0.778125 0.021875 0.0234375
0 0.97265625 0.790625 0.0203125 0.0234375
0 0.9640625 0.80625 0.0171875 0.025
0 0.9859375 0.82421875 0.025 0.028125
