0 0.1828125 0.0640625 0.0703125 0.128125
0 0.28125 0.71015625 0.0765625 0.1828125
0 0.1328125 0.084375 0.059375 0.1390625
0 0.06640625 0.13359375 0.0734375 0.1734375
0 0.15078125 0.85078125 0.084375 0.228125
0 0.3546875 0.68515625 0.0796875 0.184375
0 0.08125 0.903125 0.0859375 0.19375
0 0.2203125 0.77578125 0.084375 0.209375
0 0.4796875 0.56015625 0.078125 0.171875
0 0.4109375 0.603125 0.0671875 0.15
0 0.24375 0.034375 0.0578125 0.0671875
0 0.7859375 0.4984375 0.0265625 0.0359375
0 0.78359375 0.4640625 0.0265625 0.04375
0 0.38984375 0.95546875 0.01875 0.0265625
0 0.37890625 0.92734375 0.0234375 0.028125
0 0.3015625 0.0109375 0.040625 0.0203125
