0 0.05546875 0.009375 0.0203125 0.0171875
0 0.5015625 0.0140625 0.0203125 0.0265625
0 0.046875 0.74765625 0.0375 0.034375
0 0.17421875 0.1890625 0.0359375 0.034375
0 0.22109375 0.25625 0.096875 0.0640625
0 0.37578125 0.78828125 0.059375 0.046875
0 0.25703125 0.14140625 0.0375 0.0328125
0 0.33046875 0.31171875 0.040625 0.03125
0 0.03671875 0.22890625 0.04375 0.0359375
0 0.3375 0.978125 0.0484375 0.040625
0 0.528125 0.88359375 0.0296875 0.0953125
0 0.37578125 0.06953125 0.046875 0.0375
0 0.52890625 0.1234375 0.053125 0.046875
0 0.3390625 0.909375 0.053125 0.0421875
0 0.50703125 0.57578125 0.0234375 0.0875
0 0.025 0.9609375 0.0265625 0.0390625
