0 0.5671875 0.1328125 0.015625 0.05625
0 0.415625 0.36875 0.015625 0.0921875
0 0.5609375 0.54921875 0.0125 0.0546875
0 0.4328125 0.8375 0.0140625 0.053125
0 0.43671875 0.7203125 0.0125 0.053125
0 0.4140625 0.71484375 0.0125 0.0484375
0 0.46015625 0.59453125 0.0140625 0.0515625
0 0.39453125 0.50078125 0.0125 0.0515625
0 0.4625 0.41015625 0.0140625 0.05625
0 0.5015625 0.26171875 0.015625 0.0625
0 0.41953125 0.028125 0.0140625 0.05625
0 0.44140625 0.25546875 0.0140625 0.059375
0 0.43671875 0.49375 0.0140625 0.0546875
0 0.49375 0.921875 0.015625 0.065625
