0 0.3078125 0.55078125 0.0546875 0.04375
0 0.2390625 0.57578125 0.0453125 0.0421875
0 0.29609375 0.496875 0.04375 0.0453125
0 0.1640625 0.42890625 0.0609375 0.053125
0 0.22890625 0.41328125 0.0453125 0.0421875
0 0.278125 0.403125 0.0453125 0.0390625
0 0.32890625 0.38984375 0.05 0.046875
0 0.41171875 0.1796875 0.021875 0.0875
0 0.4578125 0.146875 0.0203125 0.084375
0 0.4875 0.1328125 0.021875 0.08125
0 0.5171875 0.04921875 0.01875 0.08125
0 0.409375 0.02734375 0.021875 0.0546875
0 0.74765625 0.1578125 0.046875 0.053125
0 0.94296875 0.09609375 0.04375 0.059375
0 0.9890625 0.23125 0.021875 0.0515625
0 0.93046875 0.44609375 0.05625 0.0453125
0 0.97890625 0.44296875 0.0421875 0.0390625
0 0.62578125 0.8359375 0.009375 0.01875
0 0.6265625 0.865625 0.0078125 0.0203125
0 0.62265625 0.9578125 0.009375 0.01875
0 0.6859375 0.94140625 0.0078125 0.015625
0 0.75390625 0.871875 0.0125 0.015625
0 0.684375 0.6859375 0.0078125 0.0140625
0 0.5921875 0.46875 0.00625 0.0171875
0 0.60078125 0.475 0.0046875 0.0125
0 0.56953125 0.440625 0.0078125 0.0140625
0 0.3671875 0.45546875 0.0078125 0.0125
0 0.3765625 0.3953125 0.00625 0.0125
0 0.3828125 0.3921875 0.00625 0.0140625
0 0.4359375 0.28046875 0.009375 0.015625
0 0.3796875 0.334375 0.0078125 0.015625
0 0.37265625 0.33515625 0.00625 0.01875
0 0.3828125 0.28515625 0.00625 0.0171875
0 0.375 0.2859375 0.0078125 0.015625
0 0.39296875 0.25078125 0.0078125 0.0140625
0 0.38046875 0.25390625 0.0078125 0.01875
0 0.39765625 0.2328125 0.00625 0.01875
0 0.38359375 0.08671875 0.0078125 0.01875
0 0.38671875 0.1609375 0.0078125 0.0203125
0 0.38125 0.17265625 0.00625 0.0140625
0 0.37421875 0.19375 0.0046875 0.0171875
0 0.3765625 0.18515625 0.0078125 0.015625
0 0.38046875 0.221875 0.00625 0.0125
0 0.3765625 0.21953125 0.00625 0.01875
0 0.02265625 0.44296875 0.0453125 0.05
0 0.371875 0.7125 0.0078125 0.0171875
0 0.1484375 0.73046875 0.0109375 0.0125
0 0.15 0.74453125 0.0125 0.0203125
0 0.26640625 0.6859375 0.0078125 0.015625
0 0.2765625 0.665625 0.0109375 0.0140625
0 0.2515625 0.7375 0.009375 0.0125
0 0.25 0.74765625 0.009375 0.0125
0 0.2921875 0.4484375 0.0546875 0.0515625
0 0.3265625 0.921875 0.0125 0.0140625
0 0.325 0.91171875 0.0109375 0.0109375
0 0.41484375 0.8921875 0.0078125 0.0171875
0 0.6921875 0.4578125 0.0125 0.028125
