0 0.99453125 0.0375 0.0109375 0.065625
0 0.515625 0.009375 0.0171875 0.0171875
0 0.5734375 0.3140625 0.0234375 0.059375
0 0.46171875 0.20625 0.021875 0.065625
0 0.51484375 0.3609375 0.0234375 0.0625
0 0.54453125 0.5578125 0.0203125 0.0640625
0 0.02109375 0.4 0.03125 0.05625
0 0.621875 0.603125 0.0234375 0.065625
0 0.57890625 0.6625 0.0203125 0.065625
0 0.6796875 0.87109375 0.025 0.0859375
0 0.82109375 0.2953125 0.0375 0.04375
0 0.040625 0.478125 0.0359375 0.0515625
0 0.12734375 0.37421875 0.0359375 0.0453125
0 0.6546875 0.91328125 0.0234375 0.078125
