0 0.096875 0.82890625 0.028125 0.028125
0 0.021875 0.61640625 0.0125 0.034375
0 0.0390625 0.6203125 0.0171875 0.0609375
0 0.14609375 0.6359375 0.0171875 0.053125
0 0.14140625 0.55703125 0.0140625 0.05
0 0.16875 0.34375 0.015625 0.04375
0 0.00703125 0.621875 0.0140625 0.059375
0 0.26484375 0.9890625 0.03125 0.021875
0 0.15859375 0.878125 0.0171875 0.05625
0 0.97421875 0.78984375 0.0328125 0.034375
0 0.75859375 0.7984375 0.0390625 0.0421875
0 0.87578125 0.75 0.0359375 0.0359375
0 0.94140625 0.80625 0.034375 0.0328125
0 0.15390625 0.8015625 0.0171875 0.065625
0 0.56640625 0.875 0.0359375 0.0328125
0 0.1265625 0.26484375 0.0171875 0.0625
0 0.6765625 0.82890625 0.0359375 0.0359375
0 0.528125 0.88984375 0.03125 0.034375
0 0.40078125 0.8625 0.01875 0.059375
0 0.3 0.98125 0.0296875 0.03125
0 0.7 0.9046875 0.0359375 0.0359375
0 0.6375 0.846875 0.03125 0.034375
0 0.71796875 0.81796875 0.0359375 0.0390625
0 0.3265625 0.0609375 0.03125 0.0390625
0 0.8203125 0.859375 0.040625 0.0328125
0 0.8984375 0.82265625 0.034375 0.0375
0 0.8625 0.8390625 0.0375 0.0359375
0 0.95 0.72109375 0.0328125 0.03125
0 0.77734375 0.87265625 0.0359375 0.0375
