0 0.0046875 0.790625 0.0078125 0.0703125
0 0.2625 0.2484375 0.04375 0.0703125
0 0.028125 0.54453125 0.05625 0.071875
0 0.96484375 0.178125 0.0703125 0.065625
0 0.82734375 0.815625 0.103125 0.0671875
0 0.9765625 0.421875 0.046875 0.0796875
0 0.23125 0.809375 0.090625 0.065625
0 0.0421875 0.92265625 0.0828125 0.065625
0 0.5 0.19765625 0.040625 0.1875
0 0.11640625 0.40703125 0.1015625 0.071875
0 0.2140625 0.54453125 0.096875 0.0671875
0 0.87734375 0.56953125 0.0921875 0.0671875
0 0.6359375 0.8359375 0.059375 0.234375
