0 0.971875 0.375 0.0359375 0.0265625
0 0.953125 0.84765625 0.09375 0.1453125
0 0.3453125 0.77265625 0.0390625 0.0390625
0 0.9796875 0.196875 0.040625 0.096875
0 0.05 0.9796875 0.0578125 0.040625
0 0.028125 0.74375 0.05625 0.1171875
0 0.6890625 0.91796875 0.11875 0.14375
0 0.40625 0.9734375 0.075 0.0515625
0 0.77890625 0.71484375 0.1296875 0.1375
0 0.7484375 0.30234375 0.0875 0.078125
0 0.78203125 0.47421875 0.0875 0.0859375
0 0.97421875 0.5671875 0.0515625 0.0828125
0 0.89765625 0.7640625 0.1796875 0.1890625
0 0.8390625 0.54453125 0.071875 0.078125
0 0.17265625 0.03984375 0.0953125 0.0765625
0 0.2890625 0.94296875 0.0703125 0.090625
0 0.1703125 0.6109375 0.084375 0.0984375
0 0.88046875 0.23046875 0.0890625 0.0765625
0 0.53984375 0.39296875 0.075 0.078125
0 0.2703125 0.815625 0.0796875 0.1015625
0 0.42734375 0.8328125 0.0890625 0.1109375
0 0.44296875 0.67890625 0.0828125 0.0984375
0 0.553125 0.88359375 0.0828125 0.1046875
0 0.8953125 0.60546875 0.0734375 0.0796875
0 0.5703125 0.70859375 0.0734375 0.0890625
0 0.734375 0.61171875 0.0875 0.0953125
0 0.3640625 0.4921875 0.084375 0.0859375
0 0.68046875 0.54609375 0.0703125 0.078125
0 0.82578125 0.9390625 0.0921875 0.10625
0 0.9578125 0.47109375 0.084375 0.0890625
0 0.17421875 0.8890625 0.0828125 0.1
0 0.5546875 0.6203125 0.08125 0.0921875
0 0.6546875 0.790625 0.075 0.0921875
0 0.8953125 0.41484375 0.0734375 0.08125
