0 0.99453125 0.23515625 0.0109375 0.0640625
0 0.965625 0.20859375 0.05625 0.0796875
0 0.5765625 0.60703125 0.0640625 0.0953125
0 0.1234375 0.98359375 0.0453125 0.03125
0 0.2609375 0.8515625 0.06875 0.0953125
0 0.1984375 0.97890625 0.046875 0.040625
0 0.8140625 0.440625 0.0828125 0.109375
0 0.5703125 0.69140625 0.1484375 0.18125
0 0.46875 0.86640625 0.1484375 0.1890625
0 0.3625 0.9640625 0.0421875 0.0640625
0 0.5953125 0.79765625 0.040625 0.0578125
0 0.740625 0.64765625 0.0375 0.0515625
0 0.89140625 0.278125 0.0375 0.0515625
0 0.28828125 0.89765625 0.0421875 0.059375
0 0.9828125 0.1140625 0.034375 0.0546875
0 0.66796875 0.7234375 0.0421875 0.059375
0 0.7421875 0.4296875 0.0453125 0.0609375
0 0.51328125 0.88125 0.0390625 0.053125
0 0.93828125 0.30703125 0.0390625 0.0515625
0 0.4265625 0.96796875 0.040625 0.059375
0 0.43515625 0.74609375 0.0375 0.0515625
0 0.40390625 0.8546875 0.0390625 0.05625
0 0.71953125 0.53671875 0.0375 0.0515625
0 0.81875 0.58125 0.0375 0.0515625
0 0.93203125 0.4671875 0.04375 0.05625
0 0.88125 0.51953125 0.0390625 0.0515625
0 0.09453125 0.8546875 0.0390625 0.0515625
0 0.80625 0.37578125 0.040625 0.0546875
0 0.584375 0.53359375 0.0421875 0.05625
0 0.73046875 0.365625 0.0421875 0.05625
0 0.37109375 0.73984375 0.0421875 0.05625
0 0.48125 0.6296875 0.0421875 0.0578125
0 0.87890625 0.04765625 0.046875 0.0625
0 0.878125 0.22265625 0.0453125 0.059375
0 0.5359375 0.15625 0.04375 0.0640625
0 0.3203125 0.94765625 0.0421875 0.059375
0 0.27421875 0.5375 0.0421875 0.05625
0 0.359375 0.8296875 0.040625 0.05625
0 0.9125 0.4125 0.175 0.2
0 0.7484375 0.5875 0.1515625 0.1890625
0 0.9875 0.39296875 0.025 0.059375
