0 0.865625 0.16484375 0.1453125 0.084375
0 0.05859375 0.84921875 0.090625 0.0578125
0 0.8109375 0.83828125 0.0578125 0.053125
0 0.3375 0.85703125 0.0765625 0.05625
0 0.546875 0.38203125 0.0765625 0.053125
0 0.415625 0.1828125 0.090625 0.0546875
0 0.87421875 0.02578125 0.0421875 0.05
0 0.54375 0.27890625 0.08125 0.05625
0 0.175 0.8625 0.071875 0.046875
0 0.98046875 0.25390625 0.0390625 0.0515625
0 0.98359375 0.165625 0.0328125 0.0453125
0 0.6359375 0.03203125 0.059375 0.0375
0 0.71875 0.27265625 0.0703125 0.05
0 0.4609375 0.86171875 0.0734375 0.05625
0 0.9484375 0.83671875 0.0671875 0.05625
0 0.9796875 0.56015625 0.040625 0.0515625
0 0.3390625 0.471875 0.0640625 0.0515625
0 0.828125 0.453125 0.0703125 0.05
0 0.86953125 0.359375 0.0671875 0.0515625
0 0.40625 0.37734375 0.0609375 0.05
0 0.60390625 0.18125 0.0625 0.0515625
0 0.03203125 0.190625 0.0625 0.053125
0 0.12421875 0.28046875 0.075 0.0546875
0 0.7578125 0.35625 0.0703125 0.0515625
0 0.72734375 0.18046875 0.0625 0.0484375
0 0.13671875 0.47578125 0.075 0.0546875
0 0.65234375 0.371875 0.075 0.0546875
0 0.94921875 0.4703125 0.08125 0.0546875
0 0.96484375 0.37578125 0.0703125 0.05
0 0.215625 0.19453125 0.065625 0.05
0 0.7234375 0.4796875 0.075 0.0515625
0 0.33046875 0.2875 0.065625 0.0484375
0 0.79921875 0.24765625 0.06875 0.05
0 0.5625 0.4640625 0.0671875 0.0515625
0 0.11796875 0.37734375 0.06875 0.0484375
0 0.90859375 0.26640625 0.0703125 0.05
0 0.121875 0.7765625 0.2078125 0.090625
