0 0.7734375 0.98984375 0.0125 0.0203125
0 0.7828125 0.9828125 0.015625 0.03125
0 0.16875 0.76328125 0.0109375 0.034375
0 0.2921875 0.12890625 0.009375 0.0390625
0 0.75078125 0.86640625 0.015625 0.034375
0 0.24140625 0.159375 0.0109375 0.040625
0 0.53984375 0.98203125 0.015625 0.034375
0 0.478125 0.69296875 0.015625 0.0359375
0 0.23515625 0.73828125 0.0125 0.0421875
0 0.77109375 0.85078125 0.0140625 0.0359375
0 0.01875 0.40859375 0.021875 0.0203125
0 0.2765625 0.54296875 0.0125 0.0359375
0 0.51640625 0.85546875 0.0125 0.0375
0 0.7921875 0.875 0.01875 0.0359375
0 0.5421875 0.703125 0.0203125 0.028125
0 0.40234375 0.5171875 0.021875 0.025
0 0.41640625 0.5671875 0.0171875 0.0234375
