0 0.0203125 0.32578125 0.040625 0.09375
0 0.934375 0.98359375 0.0625 0.03125
0 0.678125 0.96640625 0.0375 0.0671875
0 0.7359375 0.31796875 0.05625 0.0546875
0 0.73515625 0.96953125 0.0359375 0.059375
0 0.6984375 0.5234375 0.0390625 0.0984375
0 0.53046875 0.11171875 0.03125 0.084375
0 0.21015625 0.64375 0.0484375 0.08125
0 0.13046875 0.06953125 0.046875 0.0703125
0 0.7953125 0.3328125 0.0578125 0.059375
0 0.15625 0.0875 0.0421875 0.0796875
0 0.6140625 0.77421875 0.034375 0.1015625
0 0.5328125 0.3125 0.0328125 0.090625
0 0.62734375 0.1640625 0.028125 0.084375
0 0.23125 0.134375 0.05 0.0828125
0 0.17890625 0.60859375 0.046875 0.0859375
0 0.6796875 0.76640625 0.034375 0.09375
0 0.60546875 0.3796875 0.03125 0.08125
0 0.646875 0.27421875 0.0328125 0.0953125
0 0.090625 0.10859375 0.040625 0.0703125
0 0.1203125 0.49296875 0.0515625 0.0859375
0 0.1765625 0.11953125 0.0453125 0.08125
0 0.06171875 0.3265625 0.046875 0.0734375
0 0.1734375 0.26171875 0.040625 0.071875
0 0.25078125 0.70859375 0.053125 0.0890625
