0 0.534375 0.97109375 0.028125 0.05625
0 0.83984375 0.2109375 0.0625 0.0765625
0 0.090625 0.2015625 0.0515625 0.04375
0 0.66953125 0.3125 0.059375 0.05625
0 0.634375 0.72109375 0.0546875 0.0609375
0 0.64375 0.82890625 0.059375 0.0640625
0 0.59765625 0.34765625 0.0640625 0.0609375
0 0.78203125 0.0796875 0.075 0.0796875
0 0.03359375 0.19375 0.0515625 0.04375
0 0.025 0.3515625 0.05 0.05
0 0.05546875 0.27109375 0.0578125 0.046875
0 0.875 0.03359375 0.065625 0.065625
0 0.58515625 0.8734375 0.0625 0.0703125
0 0.7453125 0.2578125 0.078125 0.0796875
0 0.9265625 0.14921875 0.0828125 0.05625
0 0.9890625 0.11171875 0.021875 0.0265625
